#Anzahl der Knoten
1000
# Knoten mit Gewichten
0 23.0
1 -39.0
2 -8.0
3 -9.0
4 -29.0
5 -46.0
6 -16.0
7 15.0
8 46.0
9 21.0
10 -49.0
11 -34.0
12 46.0
13 -34.0
14 43.0
15 5.0
16 44.0
17 41.0
18 43.0
19 -1.0
20 -10.0
21 41.0
22 -15.0
23 -34.0
24 -20.0
25 -13.0
26 0.0
27 36.0
28 -38.0
29 3.0
30 27.0
31 8.0
32 15.0
33 -45.0
34 -34.0
35 26.0
36 -12.0
37 12.0
38 -36.0
39 37.0
40 19.0
41 -4.0
42 30.0
43 -49.0
44 -49.0
45 35.0
46 2.0
47 -47.0
48 24.0
49 20.0
50 -35.0
51 -22.0
52 -1.0
53 -42.0
54 4.0
55 11.0
56 7.0
57 45.0
58 -29.0
59 -22.0
60 12.0
61 -30.0
62 -31.0
63 -49.0
64 -48.0
65 18.0
66 -33.0
67 -1.0
68 -32.0
69 -1.0
70 4.0
71 -37.0
72 47.0
73 -36.0
74 -25.0
75 -29.0
76 -10.0
77 34.0
78 -28.0
79 -9.0
80 -6.0
81 44.0
82 -26.0
83 2.0
84 38.0
85 -11.0
86 -46.0
87 -22.0
88 9.0
89 -38.0
90 15.0
91 -27.0
92 -38.0
93 49.0
94 15.0
95 8.0
96 48.0
97 46.0
98 -29.0
99 -23.0
100 -12.0
101 -13.0
102 -3.0
103 37.0
104 -16.0
105 -20.0
106 -5.0
107 -44.0
108 0.0
109 -31.0
110 49.0
111 13.0
112 13.0
113 -22.0
114 40.0
115 -15.0
116 0.0
117 -23.0
118 0.0
119 -38.0
120 -7.0
121 -36.0
122 -19.0
123 4.0
124 21.0
125 0.0
126 46.0
127 -48.0
128 -29.0
129 -14.0
130 -32.0
131 -25.0
132 4.0
133 30.0
134 5.0
135 -39.0
136 8.0
137 1.0
138 28.0
139 2.0
140 19.0
141 -13.0
142 -29.0
143 -5.0
144 -24.0
145 19.0
146 27.0
147 -32.0
148 -27.0
149 19.0
150 48.0
151 42.0
152 30.0
153 23.0
154 33.0
155 -40.0
156 -33.0
157 -6.0
158 13.0
159 -17.0
160 -49.0
161 15.0
162 13.0
163 -12.0
164 -29.0
165 41.0
166 38.0
167 -19.0
168 20.0
169 30.0
170 22.0
171 -7.0
172 0.0
173 -44.0
174 48.0
175 -36.0
176 -34.0
177 9.0
178 21.0
179 44.0
180 32.0
181 0.0
182 -37.0
183 15.0
184 11.0
185 20.0
186 -1.0
187 -23.0
188 -40.0
189 -43.0
190 11.0
191 9.0
192 -47.0
193 -21.0
194 9.0
195 2.0
196 -42.0
197 -24.0
198 -42.0
199 -21.0
200 17.0
201 14.0
202 -21.0
203 -14.0
204 10.0
205 -34.0
206 34.0
207 -13.0
208 -14.0
209 6.0
210 9.0
211 -25.0
212 -20.0
213 -48.0
214 37.0
215 32.0
216 24.0
217 3.0
218 -7.0
219 14.0
220 -12.0
221 47.0
222 -22.0
223 36.0
224 22.0
225 29.0
226 38.0
227 34.0
228 -45.0
229 -6.0
230 -4.0
231 -16.0
232 36.0
233 -20.0
234 40.0
235 -41.0
236 -43.0
237 5.0
238 26.0
239 -23.0
240 -7.0
241 9.0
242 49.0
243 46.0
244 -43.0
245 13.0
246 8.0
247 5.0
248 6.0
249 4.0
250 16.0
251 -29.0
252 40.0
253 49.0
254 -25.0
255 20.0
256 -25.0
257 37.0
258 20.0
259 35.0
260 -16.0
261 27.0
262 10.0
263 -28.0
264 -18.0
265 37.0
266 -47.0
267 33.0
268 -4.0
269 -23.0
270 -13.0
271 7.0
272 -3.0
273 -36.0
274 -32.0
275 -45.0
276 17.0
277 32.0
278 21.0
279 7.0
280 24.0
281 41.0
282 42.0
283 22.0
284 8.0
285 14.0
286 14.0
287 -49.0
288 -38.0
289 4.0
290 27.0
291 33.0
292 -19.0
293 24.0
294 38.0
295 -13.0
296 13.0
297 5.0
298 42.0
299 37.0
300 -30.0
301 -24.0
302 25.0
303 -25.0
304 -34.0
305 -7.0
306 -45.0
307 6.0
308 -12.0
309 -45.0
310 28.0
311 39.0
312 21.0
313 -20.0
314 -38.0
315 29.0
316 26.0
317 2.0
318 -46.0
319 -8.0
320 -18.0
321 36.0
322 16.0
323 43.0
324 -7.0
325 -2.0
326 -9.0
327 -43.0
328 24.0
329 4.0
330 -13.0
331 -42.0
332 26.0
333 15.0
334 -17.0
335 35.0
336 1.0
337 28.0
338 -2.0
339 -49.0
340 -36.0
341 -45.0
342 -46.0
343 -5.0
344 -5.0
345 -23.0
346 19.0
347 44.0
348 21.0
349 -12.0
350 27.0
351 -47.0
352 -21.0
353 27.0
354 28.0
355 5.0
356 46.0
357 46.0
358 49.0
359 28.0
360 -26.0
361 -18.0
362 -5.0
363 24.0
364 -36.0
365 15.0
366 -26.0
367 14.0
368 15.0
369 -32.0
370 7.0
371 40.0
372 5.0
373 -46.0
374 -24.0
375 -12.0
376 42.0
377 -10.0
378 22.0
379 -8.0
380 27.0
381 -45.0
382 -25.0
383 21.0
384 -32.0
385 6.0
386 -5.0
387 -4.0
388 32.0
389 -3.0
390 10.0
391 -4.0
392 13.0
393 -1.0
394 -19.0
395 -4.0
396 -43.0
397 29.0
398 43.0
399 -16.0
400 -23.0
401 7.0
402 -27.0
403 2.0
404 -19.0
405 -9.0
406 -12.0
407 -16.0
408 35.0
409 -36.0
410 30.0
411 -44.0
412 -11.0
413 -40.0
414 -23.0
415 17.0
416 -46.0
417 -8.0
418 16.0
419 -34.0
420 -42.0
421 -1.0
422 10.0
423 49.0
424 -32.0
425 47.0
426 -47.0
427 -34.0
428 20.0
429 43.0
430 -22.0
431 -4.0
432 -38.0
433 35.0
434 19.0
435 -40.0
436 -15.0
437 -29.0
438 -27.0
439 -10.0
440 -33.0
441 -16.0
442 9.0
443 33.0
444 30.0
445 -11.0
446 1.0
447 18.0
448 -15.0
449 -1.0
450 -44.0
451 -42.0
452 10.0
453 47.0
454 18.0
455 16.0
456 8.0
457 38.0
458 -13.0
459 -31.0
460 44.0
461 5.0
462 18.0
463 15.0
464 -27.0
465 -18.0
466 -5.0
467 -49.0
468 20.0
469 -39.0
470 -47.0
471 48.0
472 15.0
473 10.0
474 -18.0
475 3.0
476 31.0
477 -31.0
478 -34.0
479 -3.0
480 -4.0
481 -29.0
482 -18.0
483 39.0
484 4.0
485 -34.0
486 2.0
487 24.0
488 -18.0
489 4.0
490 19.0
491 24.0
492 -40.0
493 37.0
494 45.0
495 -13.0
496 -37.0
497 17.0
498 -47.0
499 -4.0
500 -41.0
501 -22.0
502 -44.0
503 -8.0
504 -3.0
505 -30.0
506 31.0
507 47.0
508 46.0
509 -12.0
510 -15.0
511 37.0
512 -22.0
513 -44.0
514 -48.0
515 22.0
516 29.0
517 7.0
518 -39.0
519 -46.0
520 31.0
521 -13.0
522 24.0
523 -40.0
524 -12.0
525 -27.0
526 -39.0
527 -3.0
528 26.0
529 43.0
530 -29.0
531 -26.0
532 44.0
533 13.0
534 -47.0
535 -2.0
536 24.0
537 40.0
538 13.0
539 0.0
540 43.0
541 -40.0
542 -40.0
543 -35.0
544 45.0
545 4.0
546 31.0
547 0.0
548 -28.0
549 19.0
550 33.0
551 15.0
552 -24.0
553 32.0
554 14.0
555 -20.0
556 21.0
557 -34.0
558 30.0
559 -13.0
560 -3.0
561 -3.0
562 -38.0
563 40.0
564 1.0
565 -43.0
566 24.0
567 6.0
568 -44.0
569 -12.0
570 5.0
571 43.0
572 -13.0
573 6.0
574 38.0
575 43.0
576 37.0
577 19.0
578 -43.0
579 -35.0
580 -42.0
581 30.0
582 -27.0
583 16.0
584 -27.0
585 -21.0
586 14.0
587 20.0
588 -20.0
589 43.0
590 38.0
591 -45.0
592 4.0
593 -39.0
594 20.0
595 48.0
596 -31.0
597 44.0
598 -15.0
599 44.0
600 -46.0
601 -12.0
602 -25.0
603 31.0
604 29.0
605 -22.0
606 20.0
607 -1.0
608 -3.0
609 21.0
610 30.0
611 40.0
612 -41.0
613 -7.0
614 -2.0
615 49.0
616 46.0
617 40.0
618 -26.0
619 40.0
620 -4.0
621 24.0
622 -1.0
623 4.0
624 -43.0
625 -4.0
626 -39.0
627 22.0
628 39.0
629 23.0
630 36.0
631 0.0
632 29.0
633 12.0
634 -15.0
635 -33.0
636 -37.0
637 -16.0
638 39.0
639 0.0
640 -6.0
641 -33.0
642 -37.0
643 10.0
644 16.0
645 49.0
646 1.0
647 -25.0
648 5.0
649 -12.0
650 41.0
651 1.0
652 -11.0
653 -29.0
654 -32.0
655 -15.0
656 -36.0
657 -38.0
658 -2.0
659 29.0
660 37.0
661 29.0
662 -8.0
663 8.0
664 2.0
665 2.0
666 13.0
667 -6.0
668 -33.0
669 -18.0
670 -25.0
671 -23.0
672 35.0
673 -19.0
674 -45.0
675 -48.0
676 38.0
677 -33.0
678 -47.0
679 21.0
680 11.0
681 32.0
682 -20.0
683 -11.0
684 -41.0
685 15.0
686 27.0
687 -27.0
688 -14.0
689 -25.0
690 10.0
691 1.0
692 -13.0
693 -19.0
694 13.0
695 -2.0
696 38.0
697 -15.0
698 15.0
699 -46.0
700 14.0
701 -39.0
702 -43.0
703 -15.0
704 10.0
705 -47.0
706 5.0
707 -49.0
708 3.0
709 -23.0
710 41.0
711 -17.0
712 44.0
713 0.0
714 43.0
715 10.0
716 -32.0
717 28.0
718 -33.0
719 -40.0
720 42.0
721 44.0
722 49.0
723 -40.0
724 23.0
725 -9.0
726 31.0
727 32.0
728 8.0
729 -2.0
730 -5.0
731 -45.0
732 -8.0
733 -12.0
734 -3.0
735 7.0
736 16.0
737 33.0
738 -18.0
739 47.0
740 38.0
741 -6.0
742 22.0
743 27.0
744 22.0
745 6.0
746 2.0
747 48.0
748 46.0
749 42.0
750 24.0
751 -30.0
752 24.0
753 -46.0
754 35.0
755 -12.0
756 3.0
757 -9.0
758 -23.0
759 23.0
760 24.0
761 -44.0
762 19.0
763 1.0
764 -43.0
765 43.0
766 1.0
767 20.0
768 31.0
769 0.0
770 2.0
771 -43.0
772 22.0
773 39.0
774 2.0
775 14.0
776 12.0
777 28.0
778 21.0
779 -13.0
780 -14.0
781 28.0
782 43.0
783 -19.0
784 -23.0
785 13.0
786 -10.0
787 4.0
788 46.0
789 -18.0
790 -18.0
791 35.0
792 0.0
793 10.0
794 46.0
795 42.0
796 17.0
797 32.0
798 26.0
799 -24.0
800 -40.0
801 24.0
802 -7.0
803 2.0
804 37.0
805 41.0
806 27.0
807 15.0
808 0.0
809 -26.0
810 -17.0
811 -20.0
812 -49.0
813 31.0
814 -26.0
815 -15.0
816 -13.0
817 -37.0
818 -36.0
819 -9.0
820 -19.0
821 -22.0
822 10.0
823 -41.0
824 -26.0
825 -32.0
826 -2.0
827 -27.0
828 -41.0
829 -24.0
830 3.0
831 49.0
832 30.0
833 1.0
834 34.0
835 43.0
836 -40.0
837 39.0
838 6.0
839 35.0
840 44.0
841 41.0
842 -22.0
843 12.0
844 -16.0
845 48.0
846 -2.0
847 44.0
848 36.0
849 43.0
850 1.0
851 10.0
852 22.0
853 -1.0
854 -45.0
855 -16.0
856 -22.0
857 -9.0
858 27.0
859 -43.0
860 -30.0
861 -32.0
862 9.0
863 21.0
864 -33.0
865 -1.0
866 11.0
867 12.0
868 -1.0
869 -38.0
870 41.0
871 -37.0
872 -2.0
873 0.0
874 26.0
875 -6.0
876 32.0
877 -22.0
878 1.0
879 -5.0
880 -35.0
881 16.0
882 -5.0
883 -9.0
884 -48.0
885 47.0
886 45.0
887 28.0
888 -43.0
889 -43.0
890 -38.0
891 12.0
892 39.0
893 39.0
894 11.0
895 12.0
896 0.0
897 46.0
898 35.0
899 39.0
900 -30.0
901 24.0
902 -2.0
903 -8.0
904 7.0
905 25.0
906 -21.0
907 41.0
908 -43.0
909 -3.0
910 -40.0
911 37.0
912 -7.0
913 -39.0
914 -28.0
915 -10.0
916 33.0
917 25.0
918 -49.0
919 -13.0
920 24.0
921 14.0
922 18.0
923 4.0
924 46.0
925 -31.0
926 -45.0
927 42.0
928 -32.0
929 -45.0
930 -37.0
931 -9.0
932 22.0
933 -19.0
934 -31.0
935 -14.0
936 -16.0
937 -16.0
938 32.0
939 0.0
940 -30.0
941 20.0
942 -23.0
943 -23.0
944 -43.0
945 7.0
946 -15.0
947 30.0
948 25.0
949 45.0
950 -29.0
951 10.0
952 -4.0
953 -22.0
954 -7.0
955 4.0
956 1.0
957 -7.0
958 20.0
959 -33.0
960 -47.0
961 -21.0
962 13.0
963 -7.0
964 -6.0
965 4.0
966 -11.0
967 22.0
968 -49.0
969 -36.0
970 40.0
971 -46.0
972 -42.0
973 -9.0
974 39.0
975 -43.0
976 6.0
977 -42.0
978 31.0
979 23.0
980 31.0
981 -14.0
982 28.0
983 22.0
984 27.0
985 26.0
986 41.0
987 -37.0
988 10.0
989 -17.0
990 29.0
991 15.0
992 -3.0
993 2.0
994 -44.0
995 -23.0
996 24.0
997 22.0
998 45.0
999 -36.0
#Kanten
156 924
176 509
393 803
778 831
354 938
61 756
29 871
896 959
744 770
23 429
160 341
810 840
796 968
839 902
416 658
830 926
249 269
790 862
618 906
552 901
110 794
316 460
726 751
108 500
853 889
440 790
290 806
190 445
529 710
128 801
415 600
787 968
448 697
358 924
325 410
972 999
512 756
705 743
124 613
643 985
48 215
714 733
772 810
883 995
197 573
719 801
468 890
409 751
859 969
285 942
3 568
615 828
249 815
824 963
838 980
637 926
817 839
8 100
157 659
982 986
627 988
881 909
355 735
164 941
743 908
781 851
47 506
275 686
249 680
357 960
179 729
351 933
93 925
563 769
909 930
857 964
228 723
245 834
622 784
501 901
481 854
723 777
58 348
895 925
196 827
139 669
680 751
784 994
461 589
421 900
374 780
933 936
613 654
73 922
108 738
314 340
805 827
797 994
236 263
449 466
716 978
770 919
474 618
463 740
974 976
855 861
149 698
603 830
592 635
627 641
516 624
148 169
417 941
215 663
72 230
789 933
509 777
126 587
952 962
785 997
660 961
0 89
243 332
229 625
94 890
119 547
409 797
407 774
223 726
332 621
832 880
608 692
975 989
883 969
359 900
655 831
756 908
274 674
852 862
396 723
911 977
623 752
360 596
153 789
564 882
26 113
670 977
105 186
379 490
652 753
435 852
153 701
320 973
524 829
366 759
440 968
281 453
362 795
282 842
131 196
851 862
79 853
854 876
873 953
302 619
134 406
748 881
708 877
396 765
742 981
917 925
992 994
862 893
166 374
716 901
681 878
688 825
671 731
128 629
692 918
462 749
893 959
144 171
984 985
695 924
201 693
771 812
815 958
870 921
125 586
538 884
404 876
25 849
68 96
48 644
921 960
541 628
585 967
420 647
158 557
392 606
217 852
385 947
171 547
614 864
428 557
980 998
361 402
119 888
753 897
771 879
387 545
288 746
485 928
689 690
948 991
562 833
812 883
748 793
422 494
157 311
60 128
162 668
4 866
190 552
88 753
828 927
902 985
798 856
343 937
59 373
499 526
282 412
197 460
398 840
416 556
242 698
750 876
132 920
745 985
921 984
152 971
86 932
689 822
448 736
975 991
17 253
183 618
250 714
471 861
916 967
676 770
840 857
398 779
143 424
506 978
854 887
135 470
427 532
101 842
914 984
738 859
701 939
611 821
128 171
757 823
808 918
221 238
275 954
182 805
533 591
160 987
933 963
496 690
144 974
259 280
716 974
660 717
11 132
46 727
910 991
122 245
355 999
607 654
569 710
349 538
450 569
162 495
189 897
657 700
959 982
721 755
546 837
726 937
853 989
399 949
373 734
968 989
372 819
851 915
561 922
916 995
227 772
933 985
96 848
217 849
800 910
668 768
493 791
868 909
67 458
423 711
50 223
108 321
705 872
80 230
960 996
241 834
135 314
834 835
371 741
525 547
36 832
844 945
434 586
390 600
671 880
461 872
471 656
505 927
272 591
122 770
359 620
814 826
662 823
556 886
418 816
387 464
118 667
459 888
40 357
762 765
3 582
603 672
15 721
169 855
938 980
323 699
704 757
712 965
45 707
744 783
312 656
435 986
538 758
410 761
210 319
239 349
747 768
195 916
69 715
34 180
452 809
108 206
756 872
64 167
313 779
990 997
972 982
685 853
273 300
951 975
99 535
521 731
678 858
525 833
85 938
583 940
28 893
800 808
729 768
96 893
278 414
270 434
572 798
452 511
603 731
411 616
548 660
638 764
912 945
701 941
954 955
714 786
523 778
931 966
63 670
38 664
315 679
162 251
48 605
845 900
43 84
691 966
167 950
951 982
666 895
792 995
708 856
926 930
219 356
936 990
90 190
59 72
515 924
885 908
171 895
585 719
489 804
899 997
704 706
603 718
734 980
20 149
58 693
40 634
109 585
938 956
701 777
500 978
26 146
403 997
621 916
702 771
978 979
759 957
389 421
955 990
968 976
511 732
68 453
345 954
204 550
800 825
460 991
440 477
941 957
313 542
170 570
739 784
921 931
932 983
843 867
405 509
82 708
127 394
751 808
732 926
586 711
448 784
642 962
919 932
721 790
703 845
897 952
518 960
524 991
132 481
503 875
236 522
545 561
142 568
141 770
780 938
702 721
263 871
708 851
449 678
385 775
889 896
934 981
318 568
930 959
323 623
428 604
703 906
9 936
355 643
744 995
935 980
581 735
801 850
645 808
698 832
925 936
562 645
479 864
203 944
148 329
457 898
896 972
593 957
631 789
241 738
530 861
73 497
946 947
882 980
22 330
951 985
846 929
789 899
44 970
516 934
212 834
757 899
4 494
667 747
525 720
985 997
886 970
791 797
4 975
955 964
850 865
358 642
578 974
560 879
572 745
428 494
823 838
359 731
706 708
506 814
893 979
59 338
853 854
958 996
736 965
950 969
92 454
663 673
956 997
565 738
510 566
170 338
670 998
486 854
486 754
598 839
25 411
983 987
897 932
800 895
900 935
876 932
879 903
564 990
237 939
133 273
145 907
3 8
906 930
364 921
942 958
605 917
407 948
160 868
338 671
209 945
146 662
199 990
676 840
876 888
442 687
694 738
849 982
470 623
967 987
823 829
490 971
41 66
220 328
922 971
469 869
341 909
135 726
948 965
327 638
183 462
304 631
349 561
269 663
364 493
1 320
465 927
484 493
141 491
48 682
464 485
81 983
838 978
380 818
931 964
507 774
114 499
273 567
876 981
445 987
634 688
394 493
561 638
555 952
899 984
925 967
916 948
426 730
875 970
254 917
324 347
84 796
810 895
827 874
949 978
763 930
120 682
591 833
947 967
470 767
914 967
110 297
315 453
607 996
742 901
981 985
102 379
244 427
13 647
309 987
476 610
783 844
556 800
13 338
54 280
790 925
997 999
99 746
226 477
608 721
281 287
858 912
325 822
756 768
452 835
137 139
253 853
473 482
804 934
764 813
885 907
411 835
156 483
416 502
768 930
850 967
572 627
873 987
348 359
665 998
829 961
971 987
641 804
757 876
856 920
303 709
642 720
788 890
770 935
580 824
689 912
748 972
53 501
392 783
94 782
39 666
565 999
420 954
269 373
129 666
695 823
660 791
543 913
140 425
328 873
968 979
3 544
805 944
226 610
718 846
681 769
895 900
51 113
487 627
515 860
978 992
433 682
885 909
271 701
676 910
845 855
209 465
637 910
670 972
488 648
681 795
129 238
266 852
138 441
457 833
612 875
623 976
315 814
56 125
816 850
636 990
402 540
67 362
444 665
833 975
286 533
552 721
744 846
199 627
4 58
3 752
776 971
936 946
385 398
549 892
933 976
480 629
956 965
523 629
748 844
236 821
281 474
635 876
610 664
382 911
856 916
22 503
150 646
505 666
314 742
816 891
915 938
467 571
805 825
385 594
717 960
69 213
195 510
128 969
493 804
695 942
200 633
131 591
152 847
122 633
561 665
807 980
78 179
781 890
330 566
428 742
73 787
295 549
344 923
785 788
708 847
145 147
127 502
159 890
417 788
841 951
786 842
238 646
795 954
239 296
838 872
20 899
665 897
591 631
205 937
616 829
309 912
625 947
74 772
215 551
448 828
878 965
513 998
197 249
718 808
399 814
371 580
41 384
491 511
217 740
3 111
639 696
276 464
301 761
599 983
853 894
673 978
888 922
60 619
879 975
897 936
472 573
451 854
941 982
480 624
874 975
440 703
929 950
837 892
435 881
918 928
588 646
198 824
995 997
873 986
248 343
287 962
696 978
681 922
622 741
751 973
361 494
992 997
55 458
549 970
261 339
72 755
152 943
303 386
295 542
552 693
678 940
537 608
887 926
423 807
95 303
370 803
110 210
771 949
411 871
42 173
684 699
203 301
535 874
508 579
613 661
393 956
792 979
802 837
248 878
883 935
381 454
829 857
591 672
888 942
884 891
867 891
552 680
132 978
586 911
799 940
196 996
387 676
660 668
333 487
288 672
768 980
863 997
79 792
281 880
316 699
178 788
410 753
809 856
785 804
646 817
379 482
935 975
98 296
625 909
214 357
529 984
921 966
810 813
766 773
284 306
765 778
97 305
896 966
822 921
138 840
832 947
512 656
363 963
335 825
469 775
754 833
208 430
50 485
539 833
307 767
818 909
952 956
27 425
900 973
916 955
937 989
853 914
829 847
813 834
648 843
212 765
69 830
61 101
797 917
822 825
685 848
746 973
352 578
661 765
73 501
341 564
256 740
887 965
772 856
902 967
672 902
530 978
687 818
961 998
775 859
924 952
712 905
324 500
729 763
336 964
423 483
775 955
87 136
703 728
95 794
813 843
472 519
570 604
329 340
597 611
711 719
697 836
18 317
565 815
54 196
582 991
425 928
728 878
640 798
773 777
540 591
803 977
170 566
505 854
974 996
222 455
156 414
838 873
14 353
874 875
956 999
548 955
921 943
172 615
676 738
119 240
263 689
365 472
718 843
666 783
670 993
840 969
0 873
623 753
382 745
542 862
614 740
828 881
147 667
813 949
705 951
522 528
832 871
128 324
803 932
284 557
786 947
422 916
817 922
208 847
18 626
36 239
635 724
560 791
493 895
655 965
593 828
417 501
846 872
253 420
963 987
802 877
167 327
313 341
283 757
578 973
186 670
319 577
771 799
198 308
416 917
399 486
619 719
2 289
35 742
226 929
936 937
347 375
743 904
633 651
249 828
831 932
612 717
281 649
974 997
402 943
982 995
228 346
572 595
902 957
174 379
560 710
131 806
215 438
369 972
345 385
619 905
133 523
456 901
403 804
296 690
440 760
699 711
576 711
105 108
732 761
554 953
470 547
503 987
975 987
705 874
844 931
32 473
384 607
168 374
202 901
689 815
781 819
338 776
981 984
145 472
692 865
430 988
875 988
708 714
593 960
822 970
151 389
3 361
706 896
162 806
869 889
590 989
518 713
344 658
805 917
220 463
544 908
925 996
316 916
75 851
614 670
945 964
372 556
513 625
563 878
491 554
495 527
302 413
165 875
578 582
758 760
984 989
318 668
133 352
56 532
559 706
352 363
418 746
396 899
442 517
447 830
446 729
584 720
112 816
324 571
269 550
4 687
144 710
834 845
344 902
212 809
366 881
173 592
947 993
895 914
701 779
314 751
955 959
339 796
589 697
249 586
244 839
398 921
202 876
93 206
526 783
183 469
73 225
783 866
400 614
30 420
727 890
420 970
344 381
8 587
735 743
80 800
343 782
363 715
187 499
390 558
9 912
387 795
70 409
169 255
121 978
105 526
886 929
968 973
605 781
282 751
499 778
958 983
593 639
350 389
659 950
236 293
746 793
785 899
751 954
893 993
269 985
684 943
925 933
393 651
546 552
938 962
904 911
323 443
672 954
19 73
460 986
748 756
878 942
937 988
557 749
1 896
458 806
503 665
36 683
969 987
326 972
830 996
588 654
810 988
839 918
374 424
419 766
303 951
34 740
686 865
277 781
136 362
769 850
81 760
449 935
372 716
753 873
953 979
813 986
436 503
456 637
326 408
941 992
283 360
636 651
266 918
954 995
835 939
582 865
761 990
232 464
948 977
980 996
456 477
205 275
632 893
668 842
199 927
843 920
900 953
933 941
869 982
678 728
276 631
392 445
898 940
86 959
340 783
941 991
206 288
944 995
287 351
854 869
258 762
84 701
778 964
671 799
697 882
894 988
867 996
78 391
126 845
746 792
504 828
565 688
282 512
362 893
287 532
814 994
466 923
5 51
471 517
584 961
101 151
36 686
723 903
527 822
391 731
536 613
863 915
657 831
30 109
677 822
414 539
407 735
64 767
434 929
536 585
537 796
622 856
210 761
872 893
572 691
866 895
558 930
409 418
721 843
694 913
53 122
643 698
416 956
681 699
325 871
645 674
546 782
10 493
454 715
713 772
538 825
113 164
737 840
78 406
216 454
8 259
252 351
126 605
268 474
824 957
634 773
280 652
221 484
788 826
82 360
241 658
403 472
966 968
720 995
63 446
99 745
324 440
770 987
985 998
631 955
147 202
460 977
197 628
423 498
652 902
731 956
528 564
734 752
237 469
808 913
726 997
251 804
242 592
887 892
640 843
983 999
665 832
778 821
748 839
893 906
307 386
247 470
931 975
450 746
341 531
59 953
301 764
421 551
126 481
222 581
929 980
963 969
52 154
451 671
246 551
988 992
318 673
307 568
0 799
569 751
176 201
537 828
498 830
966 982
84 802
349 965
649 919
778 960
285 869
225 612
732 950
942 999
294 764
74 964
752 932
580 799
857 912
448 872
967 986
69 368
619 775
998 999
934 967
856 904
782 909
605 906
108 548
654 969
729 817
365 778
274 805
428 863
531 806
979 984
508 652
247 440
479 766
84 525
388 473
181 525
849 967
129 959
414 975
451 465
497 686
85 162
131 539
154 431
775 842
700 747
115 336
322 332
405 477
154 361
894 947
99 372
541 998
294 677
755 964
392 972
420 822
204 676
50 479
16 243
648 920
593 990
55 304
975 981
597 886
262 626
447 460
717 893
931 955
237 472
796 904
664 907
531 742
992 996
523 884
328 656
718 739
882 911
606 730
854 964
179 370
150 723
44 933
6 822
438 928
379 957
271 993
933 952
732 941
731 875
476 729
174 475
859 865
423 655
263 527
986 988
483 894
935 985
237 819
475 478
919 954
789 807
806 899
54 123
446 659
67 931
87 505
282 539
943 944
970 992
936 999
733 813
252 724
263 826
113 932
50 603
121 134
343 578
435 448
29 318
299 933
873 888
406 954
880 884
549 866
612 687
319 322
409 908
704 813
848 853
395 828
359 607
85 486
382 416
977 993
292 860
623 771
286 888
128 476
550 631
545 703
973 988
129 774
191 550
710 825
922 942
792 866
729 952
805 868
594 694
247 450
10 681
730 825
532 958
327 987
618 939
679 808
793 887
264 768
29 694
774 935
420 967
975 980
107 387
623 908
938 973
456 483
463 987
674 941
499 846
68 209
377 636
682 934
896 933
881 910
540 930
973 996
161 309
895 976
528 727
923 977
203 336
965 970
538 569
843 904
505 936
568 956
162 982
195 599
621 714
393 686
585 651
281 285
791 950
229 935
947 979
896 982
708 988
237 928
949 988
704 743
419 428
96 698
357 468
115 983
881 934
922 927
891 939
56 510
951 999
649 810
896 911
697 930
464 477
656 974
4 81
428 792
746 930
458 499
297 988
350 430
960 991
877 886
707 784
542 870
53 129
361 710
21 550
534 876
556 575
403 457
993 999
767 770
492 781
77 675
144 513
5 262
162 458
668 987
813 816
441 714
89 853
8 66
337 679
166 602
800 878
984 997
746 751
621 973
784 978
295 712
311 884
227 288
412 459
773 801
281 357
861 969
633 980
948 971
91 854
172 683
899 989
152 790
315 952
80 436
437 865
670 864
996 997
82 943
163 571
137 335
628 786
825 926
285 369
437 880
27 608
561 874
818 963
413 480
287 914
722 885
190 328
535 678
112 996
0 21
815 859
43 738
327 756
72 499
582 997
377 561
652 758
851 948
993 996
225 250
894 991
467 601
327 475
662 708
344 501
477 976
195 917
486 565
473 706
278 855
96 405
925 989
686 761
646 696
914 996
190 703
23 501
400 725
979 989
841 952
319 908
990 998
211 826
120 431
276 794
380 929
12 128
740 779
567 995
495 919
206 449
877 975
278 690
142 794
219 571
840 867
528 720
437 802
857 999
417 595
117 928
738 763
864 908
482 805
157 302
960 961
344 690
798 899
146 493
966 975
805 888
844 907
945 995
616 620
678 682
396 998
120 535
348 754
691 848
928 960
464 728
538 819
556 989
869 896
606 776
409 553
370 831
366 806
105 569
514 926
368 429
11 641
302 370
680 756
217 733
162 889
810 948
709 984
587 605
185 480
473 511
418 720
214 792
622 627
515 991
939 986
641 690
424 561
22 282
560 611
249 337
334 536
515 531
684 789
828 917
622 729
71 683
888 983
52 556
108 246
741 783
806 889
336 634
607 786
822 835
373 872
416 595
175 733
627 795
141 210
378 507
191 299
971 979
734 971
696 889
51 178
701 993
107 554
465 662
641 769
163 238
351 495
483 700
757 911
234 362
896 970
624 930
889 937
598 612
845 983
905 928
496 590
59 449
786 856
378 931
555 597
800 976
517 570
444 562
754 918
850 995
671 942
193 829
718 985
669 935
543 933
167 569
596 735
841 910
453 909
195 589
683 784
142 383
204 682
514 795
270 480
642 843
916 998
185 424
716 914
15 865
151 386
251 772
224 741
76 303
551 794
126 616
673 776
244 996
650 966
866 896
156 482
24 144
896 976
417 751
108 147
251 639
39 97
384 843
258 643
363 872
656 663
96 572
457 836
829 833
694 813
919 999
886 902
440 547
836 955
686 989
848 934
313 771
717 882
20 685
257 460
579 889
516 814
578 907
314 866
174 489
915 939
57 420
418 576
57 920
602 668
929 957
592 995
577 998
850 870
12 136
617 778
965 976
358 714
596 640
30 447
745 831
710 773
727 848
226 300
307 391
147 198
460 523
451 798
540 628
480 489
129 962
892 954
412 692
755 804
354 504
725 811
488 842
980 995
846 923
439 913
795 800
244 419
521 892
651 900
59 851
378 713
366 468
901 910
293 857
759 937
904 954
968 974
618 850
185 621
87 668
708 998
369 692
493 733
443 644
353 368
268 553
542 569
839 847
36 278
273 383
948 999
246 688
516 874
746 999
513 693
588 694
436 663
410 547
518 813
20 191
721 885
368 567
819 988
509 984
788 827
653 731
648 830
571 968
65 695
403 519
771 948
696 876
743 964
481 777
417 934
493 536
724 767
551 761
877 979
207 530
264 569
127 312
439 943
832 991
211 451
641 993
651 755
165 355
21 556
479 830
586 767
205 833
887 989
243 544
757 855
193 914
921 959
1 278
961 963
839 858
253 386
483 812
336 664
20 218
66 161
368 878
171 225
560 862
911 986
684 997
800 883
197 511
771 909
591 739
782 805
514 515
137 839
223 582
812 840
834 920
235 711
790 806
767 806
400 423
838 996
106 477
989 991
610 642
406 823
903 986
378 423
520 528
512 920
472 991
303 420
936 950
57 444
155 260
366 790
421 699
356 559
323 378
341 611
9 393
296 650
877 926
28 422
843 973
574 579
137 890
412 902
986 997
258 518
236 970
47 436
38 970
706 856
773 994
485 760
876 942
551 592
711 919
218 936
629 944
20 289
967 968
820 844
492 889
262 635
799 864
914 994
259 780
617 628
179 282
951 955
900 971
53 243
509 989
593 616
252 755
212 383
657 761
15 621
844 955
332 724
560 616
12 424
883 939
88 212
411 987
967 991
175 734
509 717
975 998
258 627
574 701
34 880
248 812
533 927
835 942
866 968
93 629
769 860
425 520
479 493
407 453
544 957
686 924
889 998
532 719
395 690
1 740
228 376
499 717
190 635
674 742
140 601
971 981
323 358
390 956
128 313
884 975
349 996
916 962
455 514
675 724
433 657
175 664
527 782
307 893
99 231
13 63
126 761
142 413
653 841
425 952
680 709
457 858
330 754
3 403
463 785
86 723
526 550
756 913
456 461
597 911
849 970
27 331
438 449
578 953
817 834
571 744
708 794
126 957
981 989
535 865
876 927
875 930
444 659
659 935
836 885
802 838
818 884
40 58
844 846
407 514
76 190
931 934
991 999
305 913
60 525
432 498
782 854
876 902
491 642
348 449
615 841
192 509
282 959
617 849
7 368
480 934
1 345
708 782
326 401
566 858
546 965
681 863
52 156
354 751
545 857
305 405
926 973
780 960
456 968
792 802
449 988
289 509
154 890
628 771
761 840
170 716
188 752
192 974
219 935
326 748
249 373
677 840
662 843
211 748
62 877
502 649
796 887
596 627
861 981
338 354
976 999
744 803
513 659
217 518
654 767
863 882
307 626
608 798
667 926
53 933
885 997
359 599
842 950
730 982
17 139
380 968
109 194
115 669
700 848
425 579
778 933
651 928
189 535
868 964
918 938
648 984
130 258
952 966
490 867
931 943
743 851
135 203
327 549
880 994
265 775
401 680
920 946
338 448
595 619
432 803
217 552
783 880
164 783
42 621
838 881
918 959
213 438
349 489
899 982
278 589
437 881
281 592
647 889
800 925
717 978
184 628
362 760
64 439
157 170
271 775
400 948
497 733
83 804
78 221
139 576
618 719
715 936
732 891
454 965
759 948
32 617
253 713
11 825
176 356
451 731
841 973
724 882
824 887
975 985
795 895
807 907
372 767
788 932
622 795
990 992
876 993
866 965
194 907
389 658
227 395
870 891
211 628
478 729
606 688
251 621
345 380
206 843
600 612
863 989
451 769
176 834
644 920
956 968
312 512
13 650
838 967
886 917
735 982
298 974
561 658
250 314
96 468
475 518
104 279
897 980
748 918
923 989
194 522
89 688
570 872
29 766
431 517
555 592
88 749
400 626
934 966
981 988
634 749
820 903
55 937
323 572
620 848
415 694
689 874
937 949
686 796
803 964
240 331
440 827
296 594
610 750
482 826
900 933
465 596
279 576
779 963
82 359
248 315
285 292
618 803
303 991
129 334
550 768
107 639
111 385
760 945
872 964
66 987
271 558
802 876
159 286
654 706
48 449
425 508
91 187
382 765
769 777
325 949
202 317
745 932
852 900
137 456
699 707
866 941
583 845
470 891
652 998
113 777
982 992
826 853
702 920
855 905
343 766
485 703
952 992
549 854
682 717
316 837
52 705
897 959
53 102
439 774
70 345
603 902
316 318
67 918
776 862
333 623
802 895
682 760
395 537
22 325
48 380
322 647
774 787
350 922
961 983
927 964
332 756
639 728
649 882
1 270
187 534
663 876
708 957
644 682
927 956
676 743
387 580
79 563
752 771
771 858
891 944
510 861
734 762
427 714
333 894
828 915
511 699
596 845
400 928
34 656
765 816
429 561
645 947
457 788
849 927
772 865
67 390
283 849
717 956
870 919
702 912
200 588
511 553
962 964
445 462
621 748
153 531
115 715
390 776
119 121
261 795
711 855
800 823
856 984
644 786
358 571
539 898
912 914
330 727
855 981
130 295
650 810
637 818
327 391
667 970
245 863
380 493
24 36
971 972
247 466
738 845
259 662
543 682
143 337
847 859
324 759
624 757
645 695
22 116
102 246
587 993
490 694
382 636
580 610
212 865
609 745
894 951
194 342
824 912
636 778
172 734
535 827
927 978
719 759
165 653
288 756
0 950
587 634
89 443
410 828
866 884
632 750
470 846
839 950
343 950
970 981
862 954
893 948
496 964
376 706
96 661
216 557
241 838
225 622
586 635
817 894
768 815
41 61
131 670
325 487
700 883
48 228
989 995
847 922
809 992
50 486
246 833
553 916
69 668
722 815
113 941
837 964
38 900
789 950
680 956
323 980
372 481
549 890
634 786
971 986
173 492
60 746
70 273
367 775
13 870
552 762
351 547
511 809
33 802
584 910
127 698
299 336
740 925
189 352
228 972
780 990
896 927
149 656
928 981
698 796
661 754
240 628
691 719
776 778
744 941
685 826
711 759
111 883
606 861
343 714
332 604
458 556
813 976
216 607
183 292
270 634
798 927
294 460
368 783
907 952
879 992
119 364
610 731
449 488
833 842
430 899
869 999
111 628
404 702
347 909
942 963
151 648
8 159
213 855
701 924
894 925
817 838
33 65
680 770
764 989
652 847
88 851
626 720
550 722
36 833
199 864
905 999
466 640
120 974
991 992
184 542
636 661
897 933
791 867
100 355
157 675
121 653
497 652
709 905
250 793
614 868
5 823
128 860
473 952
832 876
866 958
517 648
429 594
224 950
543 646
572 628
137 181
899 974
911 914
717 950
752 766
861 988
928 954
323 738
346 459
296 522
553 791
767 991
81 832
460 610
805 859
126 646
887 910
968 987
785 948
355 418
691 900
843 959
301 996
75 473
587 763
770 799
304 972
710 798
395 623
782 919
631 707
225 707
533 846
552 977
713 742
924 929
358 722
273 519
73 170
572 938
193 730
497 882
102 982
644 968
522 914
435 503
243 348
746 980
779 996
31 364
290 709
641 710
982 989
441 935
504 993
182 250
521 930
253 610
857 969
539 857
777 871
612 947
683 736
951 957
293 938
807 874
565 772
215 632
565 650
702 930
223 350
155 875
843 883
848 890
763 867
273 485
722 991
268 713
180 402
109 991
66 989
836 975
190 738
95 244
408 824
756 816
174 726
805 829
755 878
935 984
983 990
751 938
861 900
523 696
204 363
204 342
803 899
6 375
799 907
379 645
656 928
490 838
408 545
894 997
630 800
902 996
349 829
158 544
315 872
106 301
770 922
57 388
667 686
401 411
369 987
139 735
524 646
694 972
214 994
25 193
72 169
24 736
790 926
837 925
649 948
685 769
215 482
502 703
716 945
626 850
498 903
30 494
477 872
277 524
456 521
497 914
873 913
51 823
270 717
358 731
673 760
777 929
661 778
494 681
460 518
300 392
635 693
470 550
536 905
416 996
258 654
253 581
414 621
446 450
559 564
595 834
932 976
670 916
233 880
295 741
774 808
433 529
389 913
962 995
115 512
348 949
212 973
820 951
159 300
475 895
249 949
221 750
332 788
167 430
238 599
123 742
85 793
521 800
444 775
569 582
975 995
934 963
700 842
271 427
375 585
141 978
909 975
292 432
378 876
362 511
283 350
410 424
540 936
911 966
389 508
685 737
861 926
221 706
185 950
518 894
209 565
282 764
894 982
573 833
642 662
387 844
16 815
915 985
102 983
235 656
660 774
936 968
209 902
809 983
222 391
479 899
793 874
373 694
403 709
237 396
270 633
974 979
925 979
526 536
674 788
199 633
484 690
726 752
42 197
637 659
570 581
3 353
164 266
54 927
692 957
183 751
641 949
983 996
846 984
828 852
830 875
443 949
490 658
242 539
807 976
51 114
514 907
197 203
158 788
940 998
661 779
113 584
674 729
626 776
578 912
352 725
315 356
666 910
448 807
430 973
614 893
827 840
833 867
66 695
935 947
670 818
280 491
968 971
34 762
813 916
668 809
669 740
859 931
124 392
215 254
473 888
862 885
58 906
326 799
127 303
273 453
522 760
856 930
137 876
615 982
757 994
206 295
524 572
359 651
145 605
226 892
905 978
590 773
66 904
56 336
483 669
923 947
11 384
853 881
159 400
99 906
635 729
462 877
561 764
559 942
91 677
404 719
285 811
869 922
533 812
64 953
277 754
55 899
496 529
890 978
298 880
399 416
454 913
478 984
798 910
906 939
580 820
763 894
659 906
752 814
49 271
567 601
752 911
431 460
211 388
949 970
84 825
166 488
711 873
462 480
193 798
954 986
710 853
620 696
656 667
754 886
429 498
821 906
401 850
416 858
326 853
694 898
477 693
907 926
890 960
161 394
245 381
116 645
766 911
256 891
610 680
524 994
740 843
976 991
159 374
35 64
952 954
608 652
540 733
490 751
267 530
209 556
7 989
585 590
846 909
347 814
520 838
562 622
343 481
507 980
833 873
44 822
992 998
685 733
47 599
639 963
480 898
593 690
884 888
241 805
924 982
535 573
136 959
676 807
394 646
460 694
740 769
423 489
272 292
166 427
790 855
996 998
534 628
377 516
905 920
897 989
139 375
250 268
241 903
13 551
738 942
429 650
218 636
806 848
665 797
487 807
789 883
680 841
582 793
499 798
268 589
123 540
777 815
282 398
117 567
354 443
23 100
27 518
652 848
347 858
863 926
325 926
117 493
342 348
209 688
114 864
790 977
904 933
968 978
467 950
793 953
842 998
160 298
566 830
873 920
239 435
672 790
706 825
445 799
358 937
947 966
235 807
660 759
543 958
499 669
787 817
226 501
884 955
836 844
948 972
383 406
5 44
607 761
387 864
863 936
697 725
725 773
947 996
158 568
707 908
203 352
618 780
354 425
862 875
149 940
465 815
428 674
948 988
152 882
634 791
594 664
862 894
722 733
36 440
667 870
120 989
348 883
647 731
415 573
403 442
122 444
19 274
9 610
492 748
885 954
989 996
636 992
896 920
787 830
86 622
81 775
460 772
167 604
820 936
389 885
269 338
0 15
728 912
216 544
34 167
107 916
375 923
32 331
941 965
848 966
961 979
894 983
755 886
104 450
675 875
449 546
265 403
867 957
770 945
589 661
389 484
607 958
920 993
802 848
135 664
479 730
912 993
408 448
740 844
956 979
689 842
369 490
680 708
552 789
10 657
92 442
367 805
699 722
246 917
215 735
65 435
150 386
865 938
590 791
371 774
525 986
737 932
363 876
788 928
353 619
693 735
942 985
279 814
729 924
805 899
371 658
4 73
342 802
24 985
330 379
450 506
68 278
453 675
25 273
366 896
835 987
14 945
708 808
466 704
546 637
719 791
919 943
722 898
10 837
727 898
520 665
616 853
380 429
696 962
285 918
449 633
773 942
741 780
907 985
137 545
426 798
182 290
99 790
806 825
898 938
128 662
724 751
487 982
248 455
202 296
845 985
584 785
882 927
889 995
768 990
149 775
23 905
475 729
957 996
309 644
115 447
583 639
194 519
681 730
808 865
909 988
900 966
606 882
564 671
189 572
291 991
727 865
492 533
654 698
381 870
839 999
173 634
291 977
969 986
623 748
472 796
626 821
387 791
679 969
428 641
484 765
407 873
939 979
678 822
318 992
720 782
977 986
137 716
718 850
662 791
600 940
270 551
591 874
443 939
738 982
36 114
843 914
246 371
855 958
190 711
555 789
75 723
914 921
354 573
150 872
665 745
19 404
968 970
600 800
688 763
881 954
834 935
482 550
819 951
496 672
776 980
686 960
150 645
543 670
231 598
879 946
967 985
761 902
657 850
424 789
583 818
655 821
990 995
853 896
443 565
840 957
581 666
306 960
338 763
76 861
989 994
311 811
433 720
830 975
265 785
592 787
875 986
925 944
558 639
42 780
26 509
255 280
713 973
129 169
205 290
215 601
928 943
165 342
502 784
326 995
41 286
687 942
617 696
832 867
8 971
831 998
575 939
14 545
368 477
772 871
743 914
555 782
309 611
669 903
184 291
182 540
203 365
716 826
872 957
924 933
12 711
753 941
667 934
826 930
985 992
497 804
440 942
734 970
436 675
21 173
246 476
115 373
111 989
580 672
806 886
948 990
392 824
558 629
315 331
174 181
103 167
579 976
463 798
692 837
663 916
624 957
915 954
699 810
172 484
717 791
834 979
130 398
954 960
775 793
264 507
156 823
82 334
253 937
191 563
960 988
626 714
721 870
4 953
946 994
942 951
552 954
207 462
965 997
943 965
834 942
631 940
514 546
96 489
695 781
209 807
934 980
917 975
442 768
645 739
851 875
127 428
171 250
775 806
905 954
29 263
501 866
309 716
415 774
478 916
557 740
122 502
703 962
504 696
892 916
143 300
345 898
809 828
365 378
534 728
149 412
110 586
882 976
800 902
496 657
145 990
182 240
396 590
38 392
298 980
804 886
30 33
914 999
124 269
915 980
805 853
260 386
823 991
39 445
696 909
233 932
450 686
25 402
678 706
127 291
328 624
74 624
296 386
825 954
406 734
498 726
836 973
498 598
650 892
869 940
305 781
980 988
395 484
976 993
625 632
925 991
218 676
879 955
330 800
213 839
647 906
104 113
142 976
359 889
99 706
261 320
250 374
77 518
463 596
910 992
629 881
314 995
432 974
567 748
468 675
242 691
867 921
871 969
509 761
53 969
536 981
54 528
539 775
568 883
95 705
498 958
504 747
139 220
726 877
644 832
42 500
897 945
274 705
994 999
32 953
734 810
321 957
528 933
681 713
834 885
581 842
711 724
971 982
884 968
200 479
663 951
30 729
125 523
118 335
813 960
75 348
466 927
787 978
630 903
160 683
478 702
376 385
809 926
58 618
608 985
746 878
824 934
285 623
552 557
398 482
630 908
395 619
854 882
576 814
255 549
378 545
1 807
269 549
17 639
394 480
600 895
654 983
325 867
803 877
538 724
567 746
149 477
95 356
638 934
294 943
284 609
876 955
844 961
897 904
899 913
932 949
453 554
65 686
215 316
779 953
190 948
259 866
921 963
245 283
617 999
716 825
584 623
459 545
75 243
386 555
163 598
834 978
443 652
106 950
92 480
424 514
384 668
238 306
859 912
684 762
595 806
187 453
990 994
983 995
127 552
593 795
806 884
757 930
164 607
909 963
86 634
543 726
469 765
353 632
865 930
800 924
959 961
535 630
352 908
277 407
873 903
688 918
858 972
711 730
876 886
508 561
778 799
791 997
459 903
790 973
813 959
853 998
80 455
552 971
860 943
361 789
261 710
84 136
769 824
166 687
813 943
882 978
271 846
678 896
291 944
863 966
188 764
291 770
398 711
433 831
90 403
279 998
911 996
781 832
983 997
449 523
615 671
113 474
838 862
229 533
28 892
585 924
870 931
592 887
793 867
565 670
470 918
959 977
547 735
225 255
227 486
759 979
264 929
18 60
303 424
296 954
510 953
371 632
51 214
118 306
36 848
469 728
604 931
643 971
520 750
434 747
500 962
812 954
178 422
537 689
569 936
629 762
498 594
678 785
447 822
685 786
46 187
198 431
495 620
838 925
467 902
954 977
321 940
866 870
527 834
603 836
173 851
614 847
935 938
693 931
711 996
31 798
22 105
760 997
845 877
819 905
208 875
637 760
103 129
234 842
234 896
402 428
228 785
487 604
930 954
258 899
235 824
387 574
222 240
108 193
474 741
58 106
307 827
616 875
292 880
14 437
522 684
690 790
453 595
208 595
349 539
102 977
512 809
503 710
865 866
511 966
253 409
938 974
498 537
325 625
223 907
876 980
854 893
928 983
60 88
869 918
8 562
446 562
208 935
898 984
722 826
894 977
651 819
256 308
647 759
625 965
476 515
491 586
814 971
410 523
725 748
646 938
594 769
803 944
670 775
855 932
397 683
535 946
968 988
316 991
534 903
551 626
521 988
247 557
531 632
26 584
485 921
946 998
307 366
26 371
250 846
8 205
115 312
485 961
918 973
593 637
366 582
208 332
779 988
959 998
589 805
720 918
357 725
316 887
397 522
217 613
957 991
168 903
230 942
650 958
852 920
173 442
978 985
943 997
599 625
552 718
747 793
721 960
560 900
151 968
602 961
882 983
537 950
196 569
829 840
461 889
324 870
906 954
666 717
39 256
670 783
117 353
348 496
682 964
396 652
895 939
751 913
208 792
939 997
561 914
425 911
355 944
940 962
159 902
100 836
724 970
66 971
938 982
342 719
592 996
282 456
592 732
383 673
343 359
671 685
290 541
135 764
524 960
300 917
967 972
494 702
813 993
582 674
993 995
330 629
573 773
776 782
2 934
769 988
914 988
116 542
74 97
634 990
823 902
546 876
771 993
499 865
424 954
824 919
513 680
206 438
362 385
20 495
224 800
732 954
862 946
778 871
289 855
420 982
18 555
154 190
709 947
624 712
410 956
168 902
640 763
783 903
973 979
300 797
653 849
557 571
918 937
363 911
988 994
187 662
336 418
474 564
866 907
817 926
116 648
546 720
673 958
642 705
934 983
865 912
861 955
363 717
951 987
547 641
626 673
361 788
633 745
30 652
866 938
729 904
864 966
904 928
854 867
497 611
537 983
877 948
522 592
358 659
