
# Regel 1a: 246
# Regel 1b: 251
# Regel 2a: 247
# Regel 2b: 219
# Zyklen: 4
# Redundante Kanten: 13
# Teilgraphen: 1
# Anzahl der Knoten in der Teilmenge
401
# Gesamtwert der Knoten
7095.0
# Nummern der Knoten
0
9
12
15
16
17
18
21
22
27
29
30
31
32
35
37
39
42
45
49
54
55
57
60
65
70
72
77
79
81
83
85
90
93
96
97
104
107
110
111
112
114
116
118
119
123
124
125
127
134
135
136
138
140
145
146
147
150
151
154
158
161
164
165
166
168
169
173
177
178
179
180
181
183
184
190
191
200
201
202
204
206
207
210
211
212
214
215
216
219
221
223
224
227
231
232
234
238
240
241
242
243
247
249
250
252
257
259
261
262
267
277
278
279
280
284
286
289
290
291
293
297
298
302
310
311
312
316
317
321
322
323
328
329
331
332
335
337
339
345
346
347
350
351
353
355
356
359
363
365
368
371
372
375
376
380
383
385
386
387
388
390
395
398
403
406
407
408
410
415
422
423
425
428
429
431
433
434
436
439
442
443
444
445
449
454
455
457
458
460
461
462
468
469
471
479
487
488
489
491
493
499
506
507
508
509
516
520
527
528
532
533
536
537
539
540
541
544
546
547
549
550
553
556
558
563
564
566
567
570
571
574
575
576
577
581
583
584
586
587
589
590
592
594
595
597
599
601
603
604
608
609
611
615
616
617
621
627
628
629
630
632
633
643
646
648
659
660
664
665
670
676
677
683
686
690
691
698
700
703
706
707
709
710
711
714
715
718
720
721
722
723
724
727
728
730
735
736
737
739
741
742
745
747
748
749
750
754
756
762
765
766
767
768
769
773
776
780
781
782
786
792
793
794
795
796
797
802
804
806
808
811
830
832
833
834
835
837
839
841
843
847
848
849
850
851
852
855
858
863
867
870
871
874
875
876
878
885
886
891
892
893
897
899
901
904
913
915
916
917
920
921
922
923
924
927
929
932
939
941
948
949
951
955
958
962
965
970
974
975
976
978
979
980
982
984
985
988
993
996
997