#Anzahl der Knoten
1000
# Knoten mit Gewichten
0 23.0
1 -39.0
2 -8.0
3 -9.0
4 -29.0
5 -46.0
6 -16.0
7 15.0
8 46.0
9 21.0
10 -49.0
11 -34.0
12 46.0
13 -34.0
14 43.0
15 5.0
16 44.0
17 41.0
18 43.0
19 -1.0
20 -10.0
21 41.0
22 -15.0
23 -34.0
24 -20.0
25 -13.0
26 0.0
27 36.0
28 -38.0
29 3.0
30 27.0
31 8.0
32 15.0
33 -45.0
34 -34.0
35 26.0
36 -12.0
37 12.0
38 -36.0
39 37.0
40 19.0
41 -4.0
42 30.0
43 -49.0
44 -49.0
45 35.0
46 2.0
47 -47.0
48 24.0
49 20.0
50 -35.0
51 -22.0
52 -1.0
53 -42.0
54 4.0
55 11.0
56 7.0
57 45.0
58 -29.0
59 -22.0
60 12.0
61 -30.0
62 -31.0
63 -49.0
64 -48.0
65 18.0
66 -33.0
67 -1.0
68 -32.0
69 -1.0
70 4.0
71 -37.0
72 47.0
73 -36.0
74 -25.0
75 -29.0
76 -10.0
77 34.0
78 -28.0
79 -9.0
80 -6.0
81 44.0
82 -26.0
83 2.0
84 38.0
85 -11.0
86 -46.0
87 -22.0
88 9.0
89 -38.0
90 15.0
91 -27.0
92 -38.0
93 49.0
94 15.0
95 8.0
96 48.0
97 46.0
98 -29.0
99 -23.0
100 -12.0
101 -13.0
102 -3.0
103 37.0
104 -16.0
105 -20.0
106 -5.0
107 -44.0
108 0.0
109 -31.0
110 49.0
111 13.0
112 13.0
113 -22.0
114 40.0
115 -15.0
116 0.0
117 -23.0
118 0.0
119 -38.0
120 -7.0
121 -36.0
122 -19.0
123 4.0
124 21.0
125 0.0
126 46.0
127 -48.0
128 -29.0
129 -14.0
130 -32.0
131 -25.0
132 4.0
133 30.0
134 5.0
135 -39.0
136 8.0
137 1.0
138 28.0
139 2.0
140 19.0
141 -13.0
142 -29.0
143 -5.0
144 -24.0
145 19.0
146 27.0
147 -32.0
148 -27.0
149 19.0
150 48.0
151 42.0
152 30.0
153 23.0
154 33.0
155 -40.0
156 -33.0
157 -6.0
158 13.0
159 -17.0
160 -49.0
161 15.0
162 13.0
163 -12.0
164 -29.0
165 41.0
166 38.0
167 -19.0
168 20.0
169 30.0
170 22.0
171 -7.0
172 0.0
173 -44.0
174 48.0
175 -36.0
176 -34.0
177 9.0
178 21.0
179 44.0
180 32.0
181 0.0
182 -37.0
183 15.0
184 11.0
185 20.0
186 -1.0
187 -23.0
188 -40.0
189 -43.0
190 11.0
191 9.0
192 -47.0
193 -21.0
194 9.0
195 2.0
196 -42.0
197 -24.0
198 -42.0
199 -21.0
200 17.0
201 14.0
202 -21.0
203 -14.0
204 10.0
205 -34.0
206 34.0
207 -13.0
208 -14.0
209 6.0
210 9.0
211 -25.0
212 -20.0
213 -48.0
214 37.0
215 32.0
216 24.0
217 3.0
218 -7.0
219 14.0
220 -12.0
221 47.0
222 -22.0
223 36.0
224 22.0
225 29.0
226 38.0
227 34.0
228 -45.0
229 -6.0
230 -4.0
231 -16.0
232 36.0
233 -20.0
234 40.0
235 -41.0
236 -43.0
237 5.0
238 26.0
239 -23.0
240 -7.0
241 9.0
242 49.0
243 46.0
244 -43.0
245 13.0
246 8.0
247 5.0
248 6.0
249 4.0
250 16.0
251 -29.0
252 40.0
253 49.0
254 -25.0
255 20.0
256 -25.0
257 37.0
258 20.0
259 35.0
260 -16.0
261 27.0
262 10.0
263 -28.0
264 -18.0
265 37.0
266 -47.0
267 33.0
268 -4.0
269 -23.0
270 -13.0
271 7.0
272 -3.0
273 -36.0
274 -32.0
275 -45.0
276 17.0
277 32.0
278 21.0
279 7.0
280 24.0
281 41.0
282 42.0
283 22.0
284 8.0
285 14.0
286 14.0
287 -49.0
288 -38.0
289 4.0
290 27.0
291 33.0
292 -19.0
293 24.0
294 38.0
295 -13.0
296 13.0
297 5.0
298 42.0
299 37.0
300 -30.0
301 -24.0
302 25.0
303 -25.0
304 -34.0
305 -7.0
306 -45.0
307 6.0
308 -12.0
309 -45.0
310 28.0
311 39.0
312 21.0
313 -20.0
314 -38.0
315 29.0
316 26.0
317 2.0
318 -46.0
319 -8.0
320 -18.0
321 36.0
322 16.0
323 43.0
324 -7.0
325 -2.0
326 -9.0
327 -43.0
328 24.0
329 4.0
330 -13.0
331 -42.0
332 26.0
333 15.0
334 -17.0
335 35.0
336 1.0
337 28.0
338 -2.0
339 -49.0
340 -36.0
341 -45.0
342 -46.0
343 -5.0
344 -5.0
345 -23.0
346 19.0
347 44.0
348 21.0
349 -12.0
350 27.0
351 -47.0
352 -21.0
353 27.0
354 28.0
355 5.0
356 46.0
357 46.0
358 49.0
359 28.0
360 -26.0
361 -18.0
362 -5.0
363 24.0
364 -36.0
365 15.0
366 -26.0
367 14.0
368 15.0
369 -32.0
370 7.0
371 40.0
372 5.0
373 -46.0
374 -24.0
375 -12.0
376 42.0
377 -10.0
378 22.0
379 -8.0
380 27.0
381 -45.0
382 -25.0
383 21.0
384 -32.0
385 6.0
386 -5.0
387 -4.0
388 32.0
389 -3.0
390 10.0
391 -4.0
392 13.0
393 -1.0
394 -19.0
395 -4.0
396 -43.0
397 29.0
398 43.0
399 -16.0
400 -23.0
401 7.0
402 -27.0
403 2.0
404 -19.0
405 -9.0
406 -12.0
407 -16.0
408 35.0
409 -36.0
410 30.0
411 -44.0
412 -11.0
413 -40.0
414 -23.0
415 17.0
416 -46.0
417 -8.0
418 16.0
419 -34.0
420 -42.0
421 -1.0
422 10.0
423 49.0
424 -32.0
425 47.0
426 -47.0
427 -34.0
428 20.0
429 43.0
430 -22.0
431 -4.0
432 -38.0
433 35.0
434 19.0
435 -40.0
436 -15.0
437 -29.0
438 -27.0
439 -10.0
440 -33.0
441 -16.0
442 9.0
443 33.0
444 30.0
445 -11.0
446 1.0
447 18.0
448 -15.0
449 -1.0
450 -44.0
451 -42.0
452 10.0
453 47.0
454 18.0
455 16.0
456 8.0
457 38.0
458 -13.0
459 -31.0
460 44.0
461 5.0
462 18.0
463 15.0
464 -27.0
465 -18.0
466 -5.0
467 -49.0
468 20.0
469 -39.0
470 -47.0
471 48.0
472 15.0
473 10.0
474 -18.0
475 3.0
476 31.0
477 -31.0
478 -34.0
479 -3.0
480 -4.0
481 -29.0
482 -18.0
483 39.0
484 4.0
485 -34.0
486 2.0
487 24.0
488 -18.0
489 4.0
490 19.0
491 24.0
492 -40.0
493 37.0
494 45.0
495 -13.0
496 -37.0
497 17.0
498 -47.0
499 -4.0
500 -41.0
501 -22.0
502 -44.0
503 -8.0
504 -3.0
505 -30.0
506 31.0
507 47.0
508 46.0
509 -12.0
510 -15.0
511 37.0
512 -22.0
513 -44.0
514 -48.0
515 22.0
516 29.0
517 7.0
518 -39.0
519 -46.0
520 31.0
521 -13.0
522 24.0
523 -40.0
524 -12.0
525 -27.0
526 -39.0
527 -3.0
528 26.0
529 43.0
530 -29.0
531 -26.0
532 44.0
533 13.0
534 -47.0
535 -2.0
536 24.0
537 40.0
538 13.0
539 0.0
540 43.0
541 -40.0
542 -40.0
543 -35.0
544 45.0
545 4.0
546 31.0
547 0.0
548 -28.0
549 19.0
550 33.0
551 15.0
552 -24.0
553 32.0
554 14.0
555 -20.0
556 21.0
557 -34.0
558 30.0
559 -13.0
560 -3.0
561 -3.0
562 -38.0
563 40.0
564 1.0
565 -43.0
566 24.0
567 6.0
568 -44.0
569 -12.0
570 5.0
571 43.0
572 -13.0
573 6.0
574 38.0
575 43.0
576 37.0
577 19.0
578 -43.0
579 -35.0
580 -42.0
581 30.0
582 -27.0
583 16.0
584 -27.0
585 -21.0
586 14.0
587 20.0
588 -20.0
589 43.0
590 38.0
591 -45.0
592 4.0
593 -39.0
594 20.0
595 48.0
596 -31.0
597 44.0
598 -15.0
599 44.0
600 -46.0
601 -12.0
602 -25.0
603 31.0
604 29.0
605 -22.0
606 20.0
607 -1.0
608 -3.0
609 21.0
610 30.0
611 40.0
612 -41.0
613 -7.0
614 -2.0
615 49.0
616 46.0
617 40.0
618 -26.0
619 40.0
620 -4.0
621 24.0
622 -1.0
623 4.0
624 -43.0
625 -4.0
626 -39.0
627 22.0
628 39.0
629 23.0
630 36.0
631 0.0
632 29.0
633 12.0
634 -15.0
635 -33.0
636 -37.0
637 -16.0
638 39.0
639 0.0
640 -6.0
641 -33.0
642 -37.0
643 10.0
644 16.0
645 49.0
646 1.0
647 -25.0
648 5.0
649 -12.0
650 41.0
651 1.0
652 -11.0
653 -29.0
654 -32.0
655 -15.0
656 -36.0
657 -38.0
658 -2.0
659 29.0
660 37.0
661 29.0
662 -8.0
663 8.0
664 2.0
665 2.0
666 13.0
667 -6.0
668 -33.0
669 -18.0
670 -25.0
671 -23.0
672 35.0
673 -19.0
674 -45.0
675 -48.0
676 38.0
677 -33.0
678 -47.0
679 21.0
680 11.0
681 32.0
682 -20.0
683 -11.0
684 -41.0
685 15.0
686 27.0
687 -27.0
688 -14.0
689 -25.0
690 10.0
691 1.0
692 -13.0
693 -19.0
694 13.0
695 -2.0
696 38.0
697 -15.0
698 15.0
699 -46.0
700 14.0
701 -39.0
702 -43.0
703 -15.0
704 10.0
705 -47.0
706 5.0
707 -49.0
708 3.0
709 -23.0
710 41.0
711 -17.0
712 44.0
713 0.0
714 43.0
715 10.0
716 -32.0
717 28.0
718 -33.0
719 -40.0
720 42.0
721 44.0
722 49.0
723 -40.0
724 23.0
725 -9.0
726 31.0
727 32.0
728 8.0
729 -2.0
730 -5.0
731 -45.0
732 -8.0
733 -12.0
734 -3.0
735 7.0
736 16.0
737 33.0
738 -18.0
739 47.0
740 38.0
741 -6.0
742 22.0
743 27.0
744 22.0
745 6.0
746 2.0
747 48.0
748 46.0
749 42.0
750 24.0
751 -30.0
752 24.0
753 -46.0
754 35.0
755 -12.0
756 3.0
757 -9.0
758 -23.0
759 23.0
760 24.0
761 -44.0
762 19.0
763 1.0
764 -43.0
765 43.0
766 1.0
767 20.0
768 31.0
769 0.0
770 2.0
771 -43.0
772 22.0
773 39.0
774 2.0
775 14.0
776 12.0
777 28.0
778 21.0
779 -13.0
780 -14.0
781 28.0
782 43.0
783 -19.0
784 -23.0
785 13.0
786 -10.0
787 4.0
788 46.0
789 -18.0
790 -18.0
791 35.0
792 0.0
793 10.0
794 46.0
795 42.0
796 17.0
797 32.0
798 26.0
799 -24.0
800 -40.0
801 24.0
802 -7.0
803 2.0
804 37.0
805 41.0
806 27.0
807 15.0
808 0.0
809 -26.0
810 -17.0
811 -20.0
812 -49.0
813 31.0
814 -26.0
815 -15.0
816 -13.0
817 -37.0
818 -36.0
819 -9.0
820 -19.0
821 -22.0
822 10.0
823 -41.0
824 -26.0
825 -32.0
826 -2.0
827 -27.0
828 -41.0
829 -24.0
830 3.0
831 49.0
832 30.0
833 1.0
834 34.0
835 43.0
836 -40.0
837 39.0
838 6.0
839 35.0
840 44.0
841 41.0
842 -22.0
843 12.0
844 -16.0
845 48.0
846 -2.0
847 44.0
848 36.0
849 43.0
850 1.0
851 10.0
852 22.0
853 -1.0
854 -45.0
855 -16.0
856 -22.0
857 -9.0
858 27.0
859 -43.0
860 -30.0
861 -32.0
862 9.0
863 21.0
864 -33.0
865 -1.0
866 11.0
867 12.0
868 -1.0
869 -38.0
870 41.0
871 -37.0
872 -2.0
873 0.0
874 26.0
875 -6.0
876 32.0
877 -22.0
878 1.0
879 -5.0
880 -35.0
881 16.0
882 -5.0
883 -9.0
884 -48.0
885 47.0
886 45.0
887 28.0
888 -43.0
889 -43.0
890 -38.0
891 12.0
892 39.0
893 39.0
894 11.0
895 12.0
896 0.0
897 46.0
898 35.0
899 39.0
900 -30.0
901 24.0
902 -2.0
903 -8.0
904 7.0
905 25.0
906 -21.0
907 41.0
908 -43.0
909 -3.0
910 -40.0
911 37.0
912 -7.0
913 -39.0
914 -28.0
915 -10.0
916 33.0
917 25.0
918 -49.0
919 -13.0
920 24.0
921 14.0
922 18.0
923 4.0
924 46.0
925 -31.0
926 -45.0
927 42.0
928 -32.0
929 -45.0
930 -37.0
931 -9.0
932 22.0
933 -19.0
934 -31.0
935 -14.0
936 -16.0
937 -16.0
938 32.0
939 0.0
940 -30.0
941 20.0
942 -23.0
943 -23.0
944 -43.0
945 7.0
946 -15.0
947 30.0
948 25.0
949 45.0
950 -29.0
951 10.0
952 -4.0
953 -22.0
954 -7.0
955 4.0
956 1.0
957 -7.0
958 20.0
959 -33.0
960 -47.0
961 -21.0
962 13.0
963 -7.0
964 -6.0
965 4.0
966 -11.0
967 22.0
968 -49.0
969 -36.0
970 40.0
971 -46.0
972 -42.0
973 -9.0
974 39.0
975 -43.0
976 6.0
977 -42.0
978 31.0
979 23.0
980 31.0
981 -14.0
982 28.0
983 22.0
984 27.0
985 26.0
986 41.0
987 -37.0
988 10.0
989 -17.0
990 29.0
991 15.0
992 -3.0
993 2.0
994 -44.0
995 -23.0
996 24.0
997 22.0
998 45.0
999 -36.0
#Kanten
637 818
121 134
671 799
746 793
439 774
44 822
757 855
276 794
203 944
879 992
981 984
496 590
993 995
282 412
225 250
951 975
440 790
836 885
881 909
401 850
494 681
296 690
41 61
692 918
904 933
294 764
226 610
790 926
460 610
670 993
397 683
406 823
95 244
354 751
162 251
246 551
416 556
203 365
762 765
422 916
706 896
379 957
208 332
678 896
186 670
626 673
896 966
624 712
752 911
793 887
156 823
867 957
8 562
945 995
817 839
336 664
614 847
693 931
617 628
426 730
53 243
771 993
36 114
648 920
683 736
36 833
890 960
48 215
551 592
209 556
968 978
619 905
289 509
911 996
500 978
589 661
113 164
307 391
133 273
417 501
790 862
517 648
240 331
866 958
379 645
712 965
170 338
630 903
433 657
497 611
463 596
89 688
938 962
909 963
650 810
505 666
833 975
681 769
376 385
269 373
160 298
333 623
907 926
705 872
129 666
951 985
893 906
104 450
865 866
546 876
982 995
622 795
399 814
66 904
647 889
449 988
102 246
482 550
870 931
82 359
853 896
759 937
490 971
156 482
815 958
853 914
20 149
128 171
199 633
788 932
866 907
157 675
38 664
823 838
933 963
844 955
139 220
486 854
684 762
782 854
13 650
945 964
315 331
639 963
614 670
288 746
460 986
330 629
897 952
271 775
744 846
292 880
217 613
759 979
854 893
524 572
798 899
357 725
947 996
70 273
782 805
282 539
770 922
76 190
332 604
799 864
237 939
708 714
268 589
316 460
535 827
899 913
961 963
338 448
97 305
492 781
861 981
480 489
694 738
281 287
939 986
127 428
176 834
957 996
670 783
139 576
207 530
836 955
732 950
128 313
697 882
138 441
813 916
14 945
716 945
32 473
103 167
876 993
645 674
489 804
866 884
55 899
417 595
128 860
699 711
484 765
572 628
253 713
480 898
396 765
209 902
142 383
543 670
108 321
862 875
294 460
36 848
935 938
108 738
197 511
73 170
772 871
185 480
341 909
549 854
16 243
949 970
511 699
615 671
855 905
248 455
689 815
916 998
306 960
304 631
122 502
194 519
777 815
948 977
251 804
467 902
64 439
713 973
122 770
810 988
428 641
561 764
667 926
818 963
768 980
68 209
805 827
475 729
761 840
593 616
596 735
483 812
551 626
253 386
698 832
354 938
941 982
989 996
428 494
905 978
0 15
74 97
126 761
726 937
392 606
685 769
792 802
734 762
685 853
552 901
681 699
141 210
458 556
274 705
484 690
131 539
652 998
153 701
139 735
914 999
831 998
685 737
392 445
57 420
651 819
162 982
470 767
778 964
24 144
631 789
398 921
701 924
468 890
219 935
540 591
650 892
833 867
567 746
818 884
649 948
261 710
701 993
61 101
804 886
404 702
986 988
29 871
115 336
241 658
170 716
931 943
678 858
34 880
560 791
548 955
353 632
838 980
914 984
941 957
885 909
817 834
395 623
390 776
296 594
395 484
56 125
162 458
153 531
449 488
135 314
130 398
838 873
133 352
622 627
886 970
847 859
205 833
588 646
492 533
349 538
647 906
560 611
671 880
305 913
78 221
854 867
837 892
951 957
788 890
805 899
731 875
307 366
552 721
40 634
902 967
382 911
929 957
614 893
146 493
590 989
863 936
211 826
448 697
711 759
734 971
399 949
159 890
357 960
937 949
285 942
861 969
152 943
641 769
384 843
383 406
602 668
250 374
524 994
463 740
911 966
471 656
210 761
197 203
820 844
550 631
922 971
538 569
329 340
59 72
560 862
135 764
785 899
8 159
894 947
732 954
838 978
102 982
800 808
675 724
341 564
836 844
975 998
923 947
716 826
881 910
786 947
991 992
108 206
536 585
131 196
788 928
112 816
935 947
444 659
14 353
420 967
88 749
150 386
665 797
969 987
925 996
678 706
857 999
612 687
117 567
327 638
157 311
342 802
314 995
679 969
614 740
448 872
91 854
571 744
344 658
126 845
275 954
167 569
861 900
777 871
485 961
567 601
835 939
805 825
741 783
918 973
647 731
96 848
942 963
43 84
813 993
343 766
778 933
610 731
129 774
59 851
992 997
869 889
746 930
935 985
309 611
581 735
349 996
209 945
17 639
199 990
535 865
89 853
652 847
128 662
789 883
380 818
36 239
803 899
296 386
326 748
421 900
887 989
271 993
313 771
96 572
283 849
447 830
822 921
695 924
917 975
485 760
250 793
545 703
846 923
866 968
834 885
182 540
521 988
513 693
323 699
385 398
959 998
282 512
64 767
285 811
99 746
862 894
374 780
882 927
256 740
879 903
548 660
139 375
237 396
642 962
866 896
663 673
418 816
144 974
671 731
760 945
140 425
150 872
941 992
515 531
407 873
86 622
452 835
895 925
79 853
72 169
771 909
864 966
476 729
8 205
725 773
911 914
149 412
320 973
774 935
348 949
667 747
873 986
876 886
87 136
82 708
367 805
967 987
909 975
242 691
554 953
663 951
944 995
924 933
743 851
407 948
807 976
674 941
696 978
93 925
946 994
656 974
126 481
176 201
369 490
606 730
216 557
497 914
161 394
759 948
14 545
209 688
46 187
687 942
905 920
307 893
772 810
149 775
623 908
815 859
827 874
882 976
303 386
716 825
267 530
242 698
57 444
592 732
990 998
473 888
673 760
324 440
217 733
719 801
400 423
560 616
819 905
765 778
720 782
674 742
989 995
501 866
345 380
343 782
526 783
517 570
477 976
448 807
753 941
270 717
848 890
303 709
323 623
845 983
258 627
838 881
358 924
47 599
114 864
694 898
420 822
67 931
545 857
638 764
258 899
580 820
652 753
460 523
869 922
299 933
113 941
440 942
432 498
26 584
66 695
65 686
866 941
810 813
127 312
326 408
660 961
950 969
473 952
440 827
644 968
236 522
707 908
516 814
153 789
739 784
751 954
173 634
208 792
829 857
694 813
103 129
416 858
648 843
898 938
58 693
36 832
503 987
795 895
296 522
679 808
315 356
651 755
401 680
132 481
152 971
732 926
198 824
824 963
686 989
265 403
58 106
229 935
360 596
358 937
150 646
169 255
862 954
516 624
402 428
606 776
47 506
740 844
885 908
956 979
385 594
336 964
785 948
635 693
813 960
209 565
593 828
919 932
117 928
688 918
272 292
994 999
845 900
392 972
416 502
446 659
370 831
174 379
338 354
94 782
195 510
869 999
380 429
669 740
245 283
632 893
135 470
196 827
326 995
68 96
406 954
255 280
424 789
529 984
120 989
440 968
934 981
522 684
847 922
4 975
667 934
708 808
583 639
756 913
865 912
775 842
912 914
817 894
51 214
703 845
378 931
685 848
110 297
572 627
453 554
582 865
911 977
622 729
904 928
312 512
485 921
926 973
503 710
163 598
194 522
747 793
207 462
515 860
937 989
862 946
551 761
248 315
27 608
314 742
175 733
734 980
351 933
813 949
938 973
456 483
315 952
600 800
129 334
164 941
809 992
270 634
197 573
372 556
127 303
377 516
887 965
518 813
69 368
829 840
885 954
492 889
349 829
755 964
112 996
218 636
99 790
253 937
585 967
552 954
610 664
535 678
685 786
814 826
213 438
796 887
905 999
582 793
95 303
191 550
597 886
755 804
133 523
179 729
789 899
766 773
17 253
676 910
195 589
716 914
289 855
696 889
54 927
122 633
34 656
236 263
790 977
960 996
626 776
348 883
245 863
826 930
371 580
919 943
787 817
1 278
173 492
480 624
893 979
60 746
779 996
362 385
674 788
851 875
435 503
983 999
293 938
74 964
820 936
84 825
99 745
804 934
666 910
711 919
172 615
560 900
850 967
336 418
661 778
608 721
208 875
645 808
771 949
828 852
443 652
137 890
273 453
888 922
402 540
172 734
11 132
995 997
736 965
977 993
855 981
579 889
394 646
135 726
703 962
235 711
201 693
199 627
634 773
974 996
763 930
680 956
172 484
744 941
352 578
791 950
555 782
3 752
258 654
801 850
618 939
162 495
954 977
281 285
504 747
401 411
921 960
504 696
78 391
223 726
291 770
573 833
268 474
717 893
530 861
661 765
253 409
157 659
938 980
12 711
473 511
273 300
352 908
75 348
862 893
639 728
149 940
472 991
933 985
952 954
95 356
701 777
184 542
304 972
840 969
28 893
920 946
968 979
225 707
456 521
373 872
667 970
873 953
813 834
358 731
225 255
726 997
496 964
276 631
622 784
7 989
642 705
757 911
497 652
115 983
350 389
75 723
776 971
524 646
206 843
625 947
731 956
425 928
381 870
222 391
803 977
717 950
721 755
961 983
942 951
711 719
555 597
844 961
52 154
779 963
989 991
291 944
209 465
287 351
845 877
672 954
80 436
528 720
877 979
906 930
628 771
559 706
228 785
939 979
330 800
704 706
95 794
448 736
876 927
686 960
214 357
900 953
853 854
996 997
697 836
502 703
348 496
143 424
751 808
840 857
