#Anzahl der Knoten
1000
# Knoten mit Gewichten
0 23.0
1 -39.0
2 -8.0
3 -9.0
4 -29.0
5 -46.0
6 -16.0
7 15.0
8 46.0
9 21.0
10 -49.0
11 -34.0
12 46.0
13 -34.0
14 43.0
15 5.0
16 44.0
17 41.0
18 43.0
19 -1.0
20 -10.0
21 41.0
22 -15.0
23 -34.0
24 -20.0
25 -13.0
26 0.0
27 36.0
28 -38.0
29 3.0
30 27.0
31 8.0
32 15.0
33 -45.0
34 -34.0
35 26.0
36 -12.0
37 12.0
38 -36.0
39 37.0
40 19.0
41 -4.0
42 30.0
43 -49.0
44 -49.0
45 35.0
46 2.0
47 -47.0
48 24.0
49 20.0
50 -35.0
51 -22.0
52 -1.0
53 -42.0
54 4.0
55 11.0
56 7.0
57 45.0
58 -29.0
59 -22.0
60 12.0
61 -30.0
62 -31.0
63 -49.0
64 -48.0
65 18.0
66 -33.0
67 -1.0
68 -32.0
69 -1.0
70 4.0
71 -37.0
72 47.0
73 -36.0
74 -25.0
75 -29.0
76 -10.0
77 34.0
78 -28.0
79 -9.0
80 -6.0
81 44.0
82 -26.0
83 2.0
84 38.0
85 -11.0
86 -46.0
87 -22.0
88 9.0
89 -38.0
90 15.0
91 -27.0
92 -38.0
93 49.0
94 15.0
95 8.0
96 48.0
97 46.0
98 -29.0
99 -23.0
100 -12.0
101 -13.0
102 -3.0
103 37.0
104 -16.0
105 -20.0
106 -5.0
107 -44.0
108 0.0
109 -31.0
110 49.0
111 13.0
112 13.0
113 -22.0
114 40.0
115 -15.0
116 0.0
117 -23.0
118 0.0
119 -38.0
120 -7.0
121 -36.0
122 -19.0
123 4.0
124 21.0
125 0.0
126 46.0
127 -48.0
128 -29.0
129 -14.0
130 -32.0
131 -25.0
132 4.0
133 30.0
134 5.0
135 -39.0
136 8.0
137 1.0
138 28.0
139 2.0
140 19.0
141 -13.0
142 -29.0
143 -5.0
144 -24.0
145 19.0
146 27.0
147 -32.0
148 -27.0
149 19.0
150 48.0
151 42.0
152 30.0
153 23.0
154 33.0
155 -40.0
156 -33.0
157 -6.0
158 13.0
159 -17.0
160 -49.0
161 15.0
162 13.0
163 -12.0
164 -29.0
165 41.0
166 38.0
167 -19.0
168 20.0
169 30.0
170 22.0
171 -7.0
172 0.0
173 -44.0
174 48.0
175 -36.0
176 -34.0
177 9.0
178 21.0
179 44.0
180 32.0
181 0.0
182 -37.0
183 15.0
184 11.0
185 20.0
186 -1.0
187 -23.0
188 -40.0
189 -43.0
190 11.0
191 9.0
192 -47.0
193 -21.0
194 9.0
195 2.0
196 -42.0
197 -24.0
198 -42.0
199 -21.0
200 17.0
201 14.0
202 -21.0
203 -14.0
204 10.0
205 -34.0
206 34.0
207 -13.0
208 -14.0
209 6.0
210 9.0
211 -25.0
212 -20.0
213 -48.0
214 37.0
215 32.0
216 24.0
217 3.0
218 -7.0
219 14.0
220 -12.0
221 47.0
222 -22.0
223 36.0
224 22.0
225 29.0
226 38.0
227 34.0
228 -45.0
229 -6.0
230 -4.0
231 -16.0
232 36.0
233 -20.0
234 40.0
235 -41.0
236 -43.0
237 5.0
238 26.0
239 -23.0
240 -7.0
241 9.0
242 49.0
243 46.0
244 -43.0
245 13.0
246 8.0
247 5.0
248 6.0
249 4.0
250 16.0
251 -29.0
252 40.0
253 49.0
254 -25.0
255 20.0
256 -25.0
257 37.0
258 20.0
259 35.0
260 -16.0
261 27.0
262 10.0
263 -28.0
264 -18.0
265 37.0
266 -47.0
267 33.0
268 -4.0
269 -23.0
270 -13.0
271 7.0
272 -3.0
273 -36.0
274 -32.0
275 -45.0
276 17.0
277 32.0
278 21.0
279 7.0
280 24.0
281 41.0
282 42.0
283 22.0
284 8.0
285 14.0
286 14.0
287 -49.0
288 -38.0
289 4.0
290 27.0
291 33.0
292 -19.0
293 24.0
294 38.0
295 -13.0
296 13.0
297 5.0
298 42.0
299 37.0
300 -30.0
301 -24.0
302 25.0
303 -25.0
304 -34.0
305 -7.0
306 -45.0
307 6.0
308 -12.0
309 -45.0
310 28.0
311 39.0
312 21.0
313 -20.0
314 -38.0
315 29.0
316 26.0
317 2.0
318 -46.0
319 -8.0
320 -18.0
321 36.0
322 16.0
323 43.0
324 -7.0
325 -2.0
326 -9.0
327 -43.0
328 24.0
329 4.0
330 -13.0
331 -42.0
332 26.0
333 15.0
334 -17.0
335 35.0
336 1.0
337 28.0
338 -2.0
339 -49.0
340 -36.0
341 -45.0
342 -46.0
343 -5.0
344 -5.0
345 -23.0
346 19.0
347 44.0
348 21.0
349 -12.0
350 27.0
351 -47.0
352 -21.0
353 27.0
354 28.0
355 5.0
356 46.0
357 46.0
358 49.0
359 28.0
360 -26.0
361 -18.0
362 -5.0
363 24.0
364 -36.0
365 15.0
366 -26.0
367 14.0
368 15.0
369 -32.0
370 7.0
371 40.0
372 5.0
373 -46.0
374 -24.0
375 -12.0
376 42.0
377 -10.0
378 22.0
379 -8.0
380 27.0
381 -45.0
382 -25.0
383 21.0
384 -32.0
385 6.0
386 -5.0
387 -4.0
388 32.0
389 -3.0
390 10.0
391 -4.0
392 13.0
393 -1.0
394 -19.0
395 -4.0
396 -43.0
397 29.0
398 43.0
399 -16.0
400 -23.0
401 7.0
402 -27.0
403 2.0
404 -19.0
405 -9.0
406 -12.0
407 -16.0
408 35.0
409 -36.0
410 30.0
411 -44.0
412 -11.0
413 -40.0
414 -23.0
415 17.0
416 -46.0
417 -8.0
418 16.0
419 -34.0
420 -42.0
421 -1.0
422 10.0
423 49.0
424 -32.0
425 47.0
426 -47.0
427 -34.0
428 20.0
429 43.0
430 -22.0
431 -4.0
432 -38.0
433 35.0
434 19.0
435 -40.0
436 -15.0
437 -29.0
438 -27.0
439 -10.0
440 -33.0
441 -16.0
442 9.0
443 33.0
444 30.0
445 -11.0
446 1.0
447 18.0
448 -15.0
449 -1.0
450 -44.0
451 -42.0
452 10.0
453 47.0
454 18.0
455 16.0
456 8.0
457 38.0
458 -13.0
459 -31.0
460 44.0
461 5.0
462 18.0
463 15.0
464 -27.0
465 -18.0
466 -5.0
467 -49.0
468 20.0
469 -39.0
470 -47.0
471 48.0
472 15.0
473 10.0
474 -18.0
475 3.0
476 31.0
477 -31.0
478 -34.0
479 -3.0
480 -4.0
481 -29.0
482 -18.0
483 39.0
484 4.0
485 -34.0
486 2.0
487 24.0
488 -18.0
489 4.0
490 19.0
491 24.0
492 -40.0
493 37.0
494 45.0
495 -13.0
496 -37.0
497 17.0
498 -47.0
499 -4.0
500 -41.0
501 -22.0
502 -44.0
503 -8.0
504 -3.0
505 -30.0
506 31.0
507 47.0
508 46.0
509 -12.0
510 -15.0
511 37.0
512 -22.0
513 -44.0
514 -48.0
515 22.0
516 29.0
517 7.0
518 -39.0
519 -46.0
520 31.0
521 -13.0
522 24.0
523 -40.0
524 -12.0
525 -27.0
526 -39.0
527 -3.0
528 26.0
529 43.0
530 -29.0
531 -26.0
532 44.0
533 13.0
534 -47.0
535 -2.0
536 24.0
537 40.0
538 13.0
539 0.0
540 43.0
541 -40.0
542 -40.0
543 -35.0
544 45.0
545 4.0
546 31.0
547 0.0
548 -28.0
549 19.0
550 33.0
551 15.0
552 -24.0
553 32.0
554 14.0
555 -20.0
556 21.0
557 -34.0
558 30.0
559 -13.0
560 -3.0
561 -3.0
562 -38.0
563 40.0
564 1.0
565 -43.0
566 24.0
567 6.0
568 -44.0
569 -12.0
570 5.0
571 43.0
572 -13.0
573 6.0
574 38.0
575 43.0
576 37.0
577 19.0
578 -43.0
579 -35.0
580 -42.0
581 30.0
582 -27.0
583 16.0
584 -27.0
585 -21.0
586 14.0
587 20.0
588 -20.0
589 43.0
590 38.0
591 -45.0
592 4.0
593 -39.0
594 20.0
595 48.0
596 -31.0
597 44.0
598 -15.0
599 44.0
600 -46.0
601 -12.0
602 -25.0
603 31.0
604 29.0
605 -22.0
606 20.0
607 -1.0
608 -3.0
609 21.0
610 30.0
611 40.0
612 -41.0
613 -7.0
614 -2.0
615 49.0
616 46.0
617 40.0
618 -26.0
619 40.0
620 -4.0
621 24.0
622 -1.0
623 4.0
624 -43.0
625 -4.0
626 -39.0
627 22.0
628 39.0
629 23.0
630 36.0
631 0.0
632 29.0
633 12.0
634 -15.0
635 -33.0
636 -37.0
637 -16.0
638 39.0
639 0.0
640 -6.0
641 -33.0
642 -37.0
643 10.0
644 16.0
645 49.0
646 1.0
647 -25.0
648 5.0
649 -12.0
650 41.0
651 1.0
652 -11.0
653 -29.0
654 -32.0
655 -15.0
656 -36.0
657 -38.0
658 -2.0
659 29.0
660 37.0
661 29.0
662 -8.0
663 8.0
664 2.0
665 2.0
666 13.0
667 -6.0
668 -33.0
669 -18.0
670 -25.0
671 -23.0
672 35.0
673 -19.0
674 -45.0
675 -48.0
676 38.0
677 -33.0
678 -47.0
679 21.0
680 11.0
681 32.0
682 -20.0
683 -11.0
684 -41.0
685 15.0
686 27.0
687 -27.0
688 -14.0
689 -25.0
690 10.0
691 1.0
692 -13.0
693 -19.0
694 13.0
695 -2.0
696 38.0
697 -15.0
698 15.0
699 -46.0
700 14.0
701 -39.0
702 -43.0
703 -15.0
704 10.0
705 -47.0
706 5.0
707 -49.0
708 3.0
709 -23.0
710 41.0
711 -17.0
712 44.0
713 0.0
714 43.0
715 10.0
716 -32.0
717 28.0
718 -33.0
719 -40.0
720 42.0
721 44.0
722 49.0
723 -40.0
724 23.0
725 -9.0
726 31.0
727 32.0
728 8.0
729 -2.0
730 -5.0
731 -45.0
732 -8.0
733 -12.0
734 -3.0
735 7.0
736 16.0
737 33.0
738 -18.0
739 47.0
740 38.0
741 -6.0
742 22.0
743 27.0
744 22.0
745 6.0
746 2.0
747 48.0
748 46.0
749 42.0
750 24.0
751 -30.0
752 24.0
753 -46.0
754 35.0
755 -12.0
756 3.0
757 -9.0
758 -23.0
759 23.0
760 24.0
761 -44.0
762 19.0
763 1.0
764 -43.0
765 43.0
766 1.0
767 20.0
768 31.0
769 0.0
770 2.0
771 -43.0
772 22.0
773 39.0
774 2.0
775 14.0
776 12.0
777 28.0
778 21.0
779 -13.0
780 -14.0
781 28.0
782 43.0
783 -19.0
784 -23.0
785 13.0
786 -10.0
787 4.0
788 46.0
789 -18.0
790 -18.0
791 35.0
792 0.0
793 10.0
794 46.0
795 42.0
796 17.0
797 32.0
798 26.0
799 -24.0
800 -40.0
801 24.0
802 -7.0
803 2.0
804 37.0
805 41.0
806 27.0
807 15.0
808 0.0
809 -26.0
810 -17.0
811 -20.0
812 -49.0
813 31.0
814 -26.0
815 -15.0
816 -13.0
817 -37.0
818 -36.0
819 -9.0
820 -19.0
821 -22.0
822 10.0
823 -41.0
824 -26.0
825 -32.0
826 -2.0
827 -27.0
828 -41.0
829 -24.0
830 3.0
831 49.0
832 30.0
833 1.0
834 34.0
835 43.0
836 -40.0
837 39.0
838 6.0
839 35.0
840 44.0
841 41.0
842 -22.0
843 12.0
844 -16.0
845 48.0
846 -2.0
847 44.0
848 36.0
849 43.0
850 1.0
851 10.0
852 22.0
853 -1.0
854 -45.0
855 -16.0
856 -22.0
857 -9.0
858 27.0
859 -43.0
860 -30.0
861 -32.0
862 9.0
863 21.0
864 -33.0
865 -1.0
866 11.0
867 12.0
868 -1.0
869 -38.0
870 41.0
871 -37.0
872 -2.0
873 0.0
874 26.0
875 -6.0
876 32.0
877 -22.0
878 1.0
879 -5.0
880 -35.0
881 16.0
882 -5.0
883 -9.0
884 -48.0
885 47.0
886 45.0
887 28.0
888 -43.0
889 -43.0
890 -38.0
891 12.0
892 39.0
893 39.0
894 11.0
895 12.0
896 0.0
897 46.0
898 35.0
899 39.0
900 -30.0
901 24.0
902 -2.0
903 -8.0
904 7.0
905 25.0
906 -21.0
907 41.0
908 -43.0
909 -3.0
910 -40.0
911 37.0
912 -7.0
913 -39.0
914 -28.0
915 -10.0
916 33.0
917 25.0
918 -49.0
919 -13.0
920 24.0
921 14.0
922 18.0
923 4.0
924 46.0
925 -31.0
926 -45.0
927 42.0
928 -32.0
929 -45.0
930 -37.0
931 -9.0
932 22.0
933 -19.0
934 -31.0
935 -14.0
936 -16.0
937 -16.0
938 32.0
939 0.0
940 -30.0
941 20.0
942 -23.0
943 -23.0
944 -43.0
945 7.0
946 -15.0
947 30.0
948 25.0
949 45.0
950 -29.0
951 10.0
952 -4.0
953 -22.0
954 -7.0
955 4.0
956 1.0
957 -7.0
958 20.0
959 -33.0
960 -47.0
961 -21.0
962 13.0
963 -7.0
964 -6.0
965 4.0
966 -11.0
967 22.0
968 -49.0
969 -36.0
970 40.0
971 -46.0
972 -42.0
973 -9.0
974 39.0
975 -43.0
976 6.0
977 -42.0
978 31.0
979 23.0
980 31.0
981 -14.0
982 28.0
983 22.0
984 27.0
985 26.0
986 41.0
987 -37.0
988 10.0
989 -17.0
990 29.0
991 15.0
992 -3.0
993 2.0
994 -44.0
995 -23.0
996 24.0
997 22.0
998 45.0
999 -36.0
#Kanten
469 576
58 900
775 141
786 265
530 954
189 473
428 431
549 934
20 485
859 515
294 235
934 723
596 618
202 144
810 730
624 887
121 15
680 282
294 666
924 766
483 795
22 265
5 46
268 439
652 305
574 13
217 385
24 123
869 543
377 296
924 119
18 42
790 652
407 554
225 39
952 54
263 358
975 649
301 663
844 407
57 385
841 833
44 930
102 981
802 378
427 502
149 736
560 117
316 987
572 279
978 48
102 308
982 276
312 291
2 934
588 257
498 807
399 690
249 449
822 836
778 840
128 212
996 191
754 324
268 608
285 886
823 89
549 761
448 609
426 648
899 891
303 119
108 155
980 752
511 931
465 654
982 561
103 71
887 693
747 183
22 85
717 923
451 579
104 10
321 937
906 260
813 164
666 732
955 203
163 488
246 166
435 24
938 725
593 976
686 874
954 132
526 21
77 648
722 970
436 118
4 492
639 158
545 686
449 31
718 319
546 923
644 529
829 109
264 903
145 383
813 16
63 648
64 751
349 292
251 519
884 616
502 404
956 534
888 855
242 392
744 155
325 445
976 966
314 39
324 808
87 458
276 491
345 61
861 780
172 679
595 522
417 899
863 924
688 241
449 135
14 538
785 17
633 947
490 945
572 856
19 260
507 960
900 661
285 10
341 338
508 145
318 988
679 905
769 353
362 234
849 783
3 359
796 449
989 232
565 242
291 968
302 159
307 846
453 259
681 155
746 998
824 760
497 377
866 566
185 939
540 862
371 332
108 239
378 269
996 75
975 209
828 523
131 776
69 693
433 169
253 478
421 226
72 104
5 822
61 42
74 25
348 821
659 726
197 469
355 913
293 798
888 485
565 195
608 290
371 589
171 453
606 315
925 154
124 558
407 180
487 624
428 226
110 113
5 39
55 893
332 407
839 53
13 50
789 522
145 988
896 681
923 316
289 796
747 86
511 384
128 965
656 792
983 733
923 866
952 211
24 729
84 482
678 562
440 471
761 591
149 595
948 816
61 740
433 506
824 505
642 564
770 763
451 402
845 66
135 388
108 95
10 654
680 864
361 208
389 53
813 728
116 482
853 247
614 603
608 963
324 644
738 465
182 762
978 669
901 96
452 652
250 619
250 165
767 16
366 669
844 561
158 487
378 207
179 126
59 415
525 412
732 782
535 204
642 894
366 161
985 889
858 381
81 739
325 736
978 660
556 744
839 693
952 847
73 164
840 733
792 899
703 86
0 15
241 786
678 447
530 706
845 903
296 934
748 362
283 93
923 703
438 20
456 120
919 432
428 549
197 65
395 377
222 300
522 821
226 908
247 412
896 152
585 818
695 283
159 167
395 716
20 132
75 839
208 808
373 512
846 414
678 89
823 451
800 118
764 209
384 461
921 481
681 102
282 162
708 256
493 613
759 740
597 780
315 729
244 995
547 208
325 240
525 48
107 595
956 211
829 773
806 417
282 359
228 722
670 345
51 66
711 720
76 246
623 334
194 404
279 742
395 235
172 536
943 955
708 508
263 764
52 532
362 36
344 528
295 633
402 905
512 296
82 681
8 253
853 293
775 80
948 996
837 543
504 388
817 425
707 686
162 397
386 275
751 754
925 254
488 693
734 106
301 658
203 930
337 517
460 107
921 499
767 171
20 275
914 871
100 284
803 377
41 256
456 818
870 397
245 180
30 478
844 15
246 586
90 110
142 760
692 734
929 298
657 564
429 387
344 479
606 702
135 78
534 792
590 975
878 527
824 358
357 937
142 316
602 902
707 264
387 666
175 677
373 576
261 106
368 173
822 557
746 188
398 870
410 927
836 300
820 649
273 248
580 581
781 323
605 790
496 349
815 241
685 154
224 667
400 542
790 873
1 807
513 342
156 910
678 14
145 891
135 612
236 961
301 994
129 956
106 944
613 106
704 134
916 475
885 202
114 847
540 848
966 498
36 826
694 668
809 961
681 56
443 361
800 514
491 188
129 616
190 633
672 703
897 76
64 110
193 893
387 258
576 319
580 220
366 813
268 390
884 37
364 203
401 17
379 179
209 756
375 877
516 224
491 125
327 638
732 814
348 228
404 501
813 928
514 67
900 730
862 169
287 948
772 169
848 34
790 892
271 590
428 637
832 951
113 57
292 802
608 112
905 166
834 7
520 302
797 594
568 900
894 916
316 2
700 475
709 818
389 156
773 746
928 216
803 820
713 104
1 277
309 589
757 404
155 852
721 859
190 936
792 977
612 863
915 768
3 581
757 715
131 529
479 552
762 16
869 995
197 328
511 86
590 446
119 138
272 439
732 725
780 718
637 62
143 184
874 12
548 247
403 91
967 603
270 613
420 392
813 967
798 287
17 633
102 975
849 803
200 485
307 460
891 492
578 937
635 244
585 159
73 457
730 353
313 679
369 193
654 151
523 535
214 735
27 312
458 642
661 350
174 381
451 633
380 707
903 857
234 793
856 450
768 959
865 353
503 326
590 491
650 693
540 193
937 813
490 401
670 589
184 545
671 389
921 288
524 917
68 30
374 649
464 25
914 992
210 138
288 657
695 753
426 530
800 629
725 315
893 941
419 15
332 433
154 43
222 24
637 797
324 261
743 862
833 244
457 693
941 284
628 425
551 92
922 629
531 450
456 39
238 89
13 868
499 732
479 482
245 51
390 345
910 921
618 484
968 250
746 725
748 530
546 14
139 508
199 535
902 670
798 557
446 210
826 598
787 144
509 967
350 60
499 340
661 274
292 830
608 215
365 651
838 878
636 70
729 647
592 107
887 349
592 479
168 884
967 634
121 975
701 798
954 909
743 668
248 750
686 571
806 102
180 271
34 754
938 595
764 957
708 994
396 321
120 971
84 809
457 739
897 469
911 750
137 2
314 638
137 370
854 151
622 315
783 450
205 88
205 790
365 21
914 619
187 383
209 930
468 389
969 557
498 662
23 416
864 756
770 943
176 799
448 452
499 557
797 971
99 718
460 118
979 282
681 358
3 351
151 962
287 90
645 266
492 783
768 699
247 296
290 353
623 393
118 213
662 477
854 755
584 907
209 876
537 561
925 863
428 760
36 419
86 697
614 658
867 976
951 633
35 733
938 294
515 33
350 880
800 476
407 619
622 429
88 730
728 676
599 957
647 239
705 836
899 847
579 943
788 483
587 426
868 734
805 126
485 423
979 508
778 698
150 675
429 290
928 743
689 406
510 717
278 431
673 872
917 98
496 186
817 575
857 389
647 318
363 800
581 623
469 753
853 926
115 678
685 534
531 587
814 970
307 750
800 126
387 778
789 683
676 404
95 165
866 138
803 884
117 510
642 176
965 19
717 846
15 863
236 75
96 411
911 845
40 619
896 150
482 132
21 540
586 304
244 243
584 784
921 542
706 646
226 496
367 645
834 868
567 989
119 486
115 981
5 259
223 164
717 826
296 559
137 671
986 152
938 571
667 779
724 157
552 286
980 943
399 29
722 589
885 976
205 921
54 923
581 368
810 17
163 90
50 582
137 229
333 841
165 850
75 430
18 619
95 230
101 824
838 542
786 756
655 899
572 530
127 487
896 357
702 768
876 643
810 449
164 530
57 351
160 215
58 674
689 4
618 425
634 315
183 350
816 188
125 527
144 970
42 137
216 304
963 656
499 694
989 521
497 766
282 321
795 488
686 965
583 565
828 311
219 176
532 910
936 511
142 497
557 415
316 761
493 793
584 483
946 2
233 912
229 514
166 386
498 454
398 634
135 727
719 259
259 544
667 612
23 78
802 179
154 327
666 153
813 790
939 954
785 989
853 989
447 678
727 509
514 578
983 971
66 898
637 752
911 618
990 221
771 182
497 469
859 785
35 30
492 504
95 288
129 741
107 500
99 484
516 863
302 455
624 814
139 692
711 45
361 547
997 829
533 598
489 616
538 749
608 484
158 749
617 606
852 462
668 426
25 254
922 264
589 263
936 166
313 334
464 39
691 892
561 177
500 925
466 327
104 196
167 941
784 974
708 581
550 181
586 120
916 388
873 239
430 823
509 547
722 40
720 983
851 652
241 743
146 604
834 653
142 972
623 937
150 849
170 483
326 702
990 715
507 543
721 437
194 885
974 194
593 895
323 444
929 730
660 167
537 154
137 473
596 346
357 173
968 599
792 49
779 982
899 749
629 680
392 711
941 420
190 447
187 328
996 249
410 24
535 730
59 842
12 417
69 155
947 878
586 785
241 782
355 447
398 521
340 672
905 518
168 882
802 472
348 922
934 492
280 293
347 861
745 339
824 792
729 324
743 645
645 852
53 52
759 915
499 436
672 361
127 654
566 608
69 817
66 674
548 900
838 218
665 996
341 862
866 309
258 497
361 670
287 879
197 536
449 978
809 249
642 58
942 280
574 299
115 626
564 730
833 851
87 53
173 385
269 384
147 609
894 891
592 723
732 109
801 248
565 398
408 704
333 435
718 74
947 934
396 424
645 143
751 893
516 740
316 210
217 659
256 651
831 599
262 506
881 241
434 553
368 315
814 846
809 915
968 660
769 38
215 285
327 96
869 380
983 448
705 574
440 944
174 8
949 767
481 571
552 11
29 241
281 833
752 729
86 586
676 207
128 225
107 906
39 423
327 462
973 223
830 269
379 931
502 567
419 597
782 585
578 889
697 94
195 392
68 151
389 441
756 626
152 820
409 245
109 95
46 714
13 642
271 393
326 122
380 949
478 970
54 501
555 526
552 530
554 894
845 212
706 406
479 739
972 366
417 637
66 986
461 239
203 187
350 124
898 401
319 379
966 69
479 674
60 29
70 296
425 876
652 720
668 526
404 529
706 511
771 970
162 106
512 609
443 910
711 501
324 366
441 489
311 832
99 146
618 266
390 928
122 582
563 722
492 569
376 529
246 305
992 299
717 622
558 842
382 56
17 124
444 213
237 305
97 231
633 49
697 459
876 101
592 345
484 545
839 392
766 621
833 57
776 384
862 95
285 118
941 852
20 678
3 543
926 637
657 508
755 502
740 401
434 269
85 932
217 668
799 326
213 286
685 320
138 814
781 175
122 140
352 576
892 579
894 546
494 369
663 753
437 761
282 654
738 97
652 564
256 70
754 670
896 717
318 520
886 140
234 168
726 990
521 583
569 31
932 753
686 241
296 424
821 1
813 112
765 55
139 616
491 296
603 174
741 164
11 637
716 807
487 966
849 522
667 804
617 998
195 896
380 79
578 792
349 994
448 768
343 566
171 65
883 448
678 334
984 337
845 894
20 202
644 777
552 470
82 274
583 630
330 353
505 326
928 447
539 779
973 855
238 536
118 622
323 52
595 59
470 290
532 400
460 579
6 821
971 377
617 207
783 553
926 61
363 943
152 861
641 981
549 677
536 107
495 248
508 108
305 144
171 95
69 644
657 125
790 346
369 980
480 873
122 433
618 607
92 428
796 532
369 956
520 481
8 583
730 936
662 536
684 248
493 86
252 631
131 75
305 685
52 109
147 60
423 131
414 214
884 731
674 821
9 387
944 924
158 458
273 405
943 22
4 54
652 995
809 102
703 685
853 192
497 611
169 826
866 221
684 821
560 128
415 270
882 817
670 748
22 309
323 368
930 352
63 409
303 988
639 898
841 435
921 806
854 196
588 140
315 531
692 473
974 87
689 430
332 635
621 779
915 467
453 834
342 9
939 659
215 571
981 262
533 670
487 272
428 116
820 731
681 755
253 224
447 24
96 342
580 72
805 429
527 625
802 182
157 183
185 535
208 281
283 789
159 870
326 959
396 996
118 246
897 342
188 695
226 861
600 501
454 841
866 225
342 699
249 166
973 865
428 308
452 699
968 77
711 560
487 228
546 202
160 843
699 79
363 861
208 156
573 610
814 64
877 835
614 648
967 729
155 124
870 168
793 394
371 457
176 30
935 190
936 225
269 539
300 132
543 810
751 231
263 825
534 202
753 486
756 247
421 827
112 996
597 718
410 709
800 392
361 668
832 266
951 744
737 393
591 592
420 921
585 922
993 290
742 927
143 328
942 373
29 867
863 537
784 898
916 978
828 509
873 894
593 114
720 710
738 932
930 419
251 696
183 341
696 593
476 256
666 688
917 707
53 81
676 723
393 425
910 907
157 172
403 66
846 175
649 770
734 894
432 654
959 956
86 926
70 364
466 856
89 388
685 168
59 334
856 420
546 383
190 677
36 211
344 240
535 884
744 103
269 385
521 775
416 307
208 918
790 78
172 377
416 756
305 875
825 741
949 573
250 24
29 759
486 716
756 646
671 636
382 857
595 591
617 422
9 935
752 641
351 222
934 698
358 555
387 126
126 595
907 205
258 533
306 943
741 150
19 56
400 913
149 646
665 395
195 502
359 581
587 983
967 574
788 664
933 777
587 116
113 749
763 555
949 422
375 337
211 224
560 686
594 247
105 4
861 473
142 281
787 202
144 431
693 778
789 765
893 623
673 934
64 950
853 986
249 27
50 457
742 616
785 533
918 675
596 78
126 726
78 339
443 892
798 642
425 917
935 615
896 614
160 164
906 354
581 204
227 79
807 521
668 962
737 742
206 802
287 343
124 306
74 594
382 411
133 162
557 32
760 771
457 812
269 979
227 218
645 82
988 384
173 558
536 167
931 179
856 520
983 828
22 96
212 702
34 731
818 502
392 352
763 439
952 87
228 964
922 66
951 740
700 611
623 346
417 574
638 349
866 742
942 756
42 478
705 131
895 777
616 618
568 730
623 343
362 679
269 95
130 308
275 937
560 725
25 173
951 991
383 37
605 447
649 459
79 774
842 686
782 631
484 399
451 735
229 394
84 784
32 951
634 973
978 346
839 122
480 288
515 843
191 460
990 831
74 961
646 142
817 97
133 450
456 10
999 490
564 246
667 910
691 679
330 447
394 164
221 22
476 75
896 772
935 706
59 296
894 833
409 657
482 664
844 754
271 788
38 651
846 896
545 348
26 123
248 838
871 761
980 815
3 108
641 193
752 77
415 477
704 370
748 383
463 248
10 678
772 437
126 528
265 188
545 35
763 708
995 598
422 126
253 439
91 106
694 145
513 299
332 683
966 479
862 225
472 614
258 864
699 28
948 332
88 836
512 837
213 815
128 612
328 811
212 829
970 742
420 694
844 717
353 411
553 533
281 105
586 439
615 553
805 279
122 738
366 694
893 127
724 893
684 332
178 742
435 739
877 582
569 328
325 809
354 137
458 75
543 278
246 404
627 453
829 65
881 618
392 88
217 428
909 602
634 148
442 439
259 819
461 762
663 857
328 441
3 5
778 195
936 985
239 258
576 561
804 664
383 470
402 232
31 792
980 408
230 924
591 198
865 547
48 189
853 279
824 625
809 100
129 235
981 433
470 710
65 674
495 841
877 78
865 487
187 427
343 924
656 925
647 734
437 648
184 439
473 18
284 31
999 105
920 328
578 780
938 396
872 164
757 492
465 246
752 59
924 75
580 523
914 814
961 953
440 626
277 342
36 827
771 475
992 652
206 293
286 843
165 212
803 492
249 772
243 139
805 576
141 80
876 415
116 598
648 773
593 578
897 899
105 518
732 595
675 616
702 234
805 482
649 665
343 357
235 622
971 59
259 28
676 507
983 280
508 294
759 825
755 203
354 905
808 575
512 501
265 694
355 99
945 357
296 128
609 350
813 555
435 976
449 176
140 331
39 652
129 46
114 435
343 905
277 180
654 911
36 251
387 316
873 124
95 674
761 960
715 777
510 115
202 876
651 793
420 948
660 25
651 299
510 904
423 115
659 855
358 902
607 991
157 16
273 151
515 711
744 984
173 506
648 556
182 71
560 773
242 461
313 667
52 107
10 836
902 969
619 263
885 604
846 542
876 211
217 812
653 566
770 126
237 208
893 515
466 863
771 779
414 958
162 768
873 898
729 146
981 205
898 414
527 539
396 833
962 16
817 121
667 59
151 281
894 980
273 338
843 392
472 191
614 147
992 838
878 721
332 587
506 623
236 375
770 718
30 642
597 35
253 804
785 758
558 184
453 185
18 547
624 235
708 853
303 930
725 176
11 823
299 905
139 274
933 124
139 94
462 533
692 564
872 667
570 80
367 692
108 494
261 608
12 126
74 754
465 369
102 980
178 297
523 757
400 39
948 563
765 219
108 44
448 652
338 642
610 139
745 944
854 230
694 390
856 890
239 145
654 128
407 78
281 269
376 15
473 442
4 953
843 454
212 789
561 806
152 966
151 586
866 690
791 30
617 29
932 250
156 306
472 983
349 216
314 992
300 882
945 354
349 290
171 874
535 308
932 661
131 469
394 143
870 382
761 332
632 711
850 106
397 207
347 42
281 512
82 937
128 772
358 567
942 988
290 727
182 438
497 829
21 547
282 243
906 519
249 754
96 625
887 908
265 708
303 174
912 24
113 531
295 350
534 734
535 628
484 18
812 380
167 525
283 108
135 683
600 851
28 405
460 278
986 813
796 845
112 793
622 283
792 356
128 399
570 25
678 156
477 755
889 70
467 251
410 232
130 147
539 638
818 798
631 838
199 908
798 503
641 359
248 89
710 305
630 737
372 630
127 430
389 858
236 35
416 993
428 372
417 144
940 378
474 508
802 237
75 295
556 44
857 751
406 923
183 134
414 354
113 407
494 411
731 538
909 1
562 620
156 387
843 256
594 173
594 431
471 88
982 390
812 758
720 224
677 505
744 231
281 240
403 194
771 381
212 966
897 811
29 297
366 340
385 339
422 855
937 191
685 518
757 271
25 396
80 387
700 158
591 693
73 770
259 703
225 512
845 358
250 724
371 415
209 438
744 401
959 455
652 560
141 408
76 850
740 713
771 774
288 644
841 696
505 705
635 259
323 178
678 816
221 623
753 583
304 469
493 588
378 802
50 451
867 184
456 334
136 261
535 82
992 568
843 490
424 920
567 415
572 131
209 606
559 334
800 42
253 209
620 201
440 691
198 291
277 697
854 268
746 184
128 840
8 559
67 912
431 50
975 599
502 295
955 92
402 44
639 247
208 842
846 2
827 274
362 833
518 613
905 990
758 8
560 526
292 198
162 867
896 738
316 561
920 921
606 210
924 370
322 480
645 459
218 534
1 269
378 539
408 67
15 615
636 978
582 505
117 425
866 544
198 781
717 586
696 700
288 539
953 566
8 93
270 225
972 974
550 384
620 600
578 938
218 919
907 493
140 537
475 7
342 574
569 853
636 42
974 902
929 407
48 666
819 476
26 89
336 494
294 543
551 543
631 428
429 232
816 408
382 620
318 513
401 467
919 304
868 314
125 455
40 331
440 66
358 443
788 683
389 812
395 147
164 740
48 349
642 219
631 207
700 493
914 90
154 870
788 661
788 185
683 168
215 531
774 61
621 247
823 39
86 956
897 350
847 81
460 958
184 131
336 124
433 395
211 681
167 482
819 732
46 148
204 200
53 930
524 987
202 118
449 417
215 340
270 385
567 79
813 874
289 310
606 431
622 459
348 155
411 782
372 173
55 934
363 553
132 402
159 151
991 36
83 787
615 588
647 686
275 567
653 544
713 207
9 911
117 268
791 761
68 413
898 848
688 442
463 976
115 222
96 435
362 624
411 978
80 783
311 726
969 610
511 452
110 211
712 673
300 710
468 794
873 371
583 856
867 677
53 73
803 657
918 131
708 21
834 520
121 605
832 288
644 400
778 94
975 825
641 455
479 807
247 257
622 15
938 689
733 299
266 799
382 588
498 200
567 418
315 202
345 930
113 923
971 551
513 230
869 406
433 440
235 748
832 236
716 924
513 369
166 625
326 782
626 523
748 675
696 929
931 484
282 182
674 169
950 396
673 267
629 360
669 803
315 930
401 750
445 31
829 24
441 885
486 522
273 292
996 648
207 407
841 702
509 978
11 377
160 984
641 858
902 566
363 555
444 596
413 115
618 756
278 799
91 645
66 969
57 915
182 133
947 360
967 575
899 147
352 17
8 152
890 805
948 835
32 455
537 330
379 429
710 217
195 897
968 319
690 322
358 881
680 503
385 22
353 431
979 1
194 184
960 30
625 908
249 117
165 228
160 622
820 465
701 803
840 108
745 734
982 391
630 462
882 858
522 13
459 821
98 220
235 771
933 651
60 73
169 104
709 946
670 995
650 905
499 54
347 783
438 872
377 224
491 39
557 433
682 792
115 448
875 907
261 722
387 747
274 731
454 936
971 382
67 316
592 988
976 654
214 993
111 988
543 402
791 366
813 696
782 107
191 133
64 401
623 757
912 382
605 762
214 183
324 172
553 813
359 845
191 444
777 174
315 23
619 751
520 16
504 490
358 469
589 177
159 286
471 737
222 218
357 572
704 181
561 824
482 624
896 836
220 139
971 574
740 153
539 691
330 702
676 290
212 217
56 481
989 545
712 879
462 771
518 780
778 241
782 331
204 600
496 319
137 856
217 505
936 855
599 65
900 351
81 982
53 473
120 472
486 154
756 478
120 639
683 320
351 302
962 75
774 154
948 469
315 60
434 875
323 556
264 330
276 260
481 719
580 1
777 423
433 702
203 167
931 361
689 595
604 825
7 364
967 39
199 988
877 799
651 482
719 293
626 237
619 411
403 513
834 69
443 220
857 789
967 176
243 397
99 766
258 679
820 137
408 231
665 238
885 191
190 170
252 133
423 105
7 989
670 320
661 307
159 256
697 612
479 27
453 407
656 22
839 496
3 401
124 165
777 684
336 449
535 711
470 151
344 883
933 459
918 232
297 983
963 162
84 777
119 873
268 282
994 141
67 347
577 995
94 879
490 330
58 51
144 661
281 9
335 736
711 68
873 317
807 880
355 589
828 580
192 968
392 955
284 455
680 238
965 158
670 933
54 151
515 981
450 539
404 792
570 702
251 494
655 511
449 72
424 157
30 721
39 226
895 51
861 683
661 346
119 278
1 320
193 750
485 861
170 477
708 295
708 342
731 838
562 138
167 192
528 421
161 176
632 322
717 263
132 908
708 491
228 192
447 693
432 954
552 379
420 970
496 930
701 977
940 972
779 948
48 585
291 921
472 89
522 340
746 923
771 126
236 766
726 92
431 152
271 991
51 814
722 377
588 160
528 859
196 786
825 577
108 110
26 572
549 703
776 10
348 17
780 819
3 751
462 33
385 914
716 911
237 920
565 476
380 886
719 144
802 379
966 269
897 387
559 870
614 328
254 890
961 477
876 535
16 812
227 335
338 25
504 986
165 584
162 353
238 474
686 350
536 960
87 636
483 638
250 85
959 581
538 67
327 220
436 425
86 600
319 865
90 344
603 572
448 689
768 915
78 110
610 83
785 92
522 499
445 638
738 411
834 612
34 151
752 250
133 253
900 534
626 126
695 812
768 202
398 735
398 139
972 6
769 395
224 935
956 938
338 662
934 747
493 0
291 988
521 975
959 69
291 676
439 899
93 124
26 355
485 846
132 974
934 503
807 352
680 92
105 91
544 905
889 433
359 455
228 152
59 14
509 514
55 263
395 370
368 658
174 365
354 339
672 862
128 49
540 111
247 291
572 406
246 890
593 496
13 646
480 803
302 98
872 719
470 845
183 533
858 807
790 313
931 55
65 396
38 368
423 403
703 479
539 513
303 168
555 83
409 579
822 20
400 880
444 387
718 470
933 289
205 107
543 305
650 881
528 408
540 421
252 673
330 634
131 621
879 554
318 367
210 698
504 655
520 663
636 974
470 795
891 440
274 594
416 148
495 63
425 165
397 475
28 890
895 188
721 589
345 845
45 693
805 715
110 768
643 960
716 385
353 23
998 287
894 847
100 818
772 409
50 459
176 404
196 464
695 421
513 996
732 831
16 231
432 117
571 403
153 751
675 152
735 932
562 189
62 869
14 944
469 558
863 145
40 19
250 795
29 685
854 105
120 988
412 477
282 944
126 548
696 875
754 540
224 742
371 641
249 932
8 198
157 614
109 534
212 757
157 596
951 509
237 905
951 135
907 846
835 653
640 341
396 541
591 98
729 826
134 314
875 894
961 567
246 779
181 421
496 386
425 145
492 81
440 192
983 814
138 351
483 419
298 963
95 773
200 349
709 674
973 579
718 455
723 197
662 381
393 484
278 189
478 430
624 354
806 221
861 866
225 500
67 419
627 969
44 813
243 117
324 35
603 290
461 794
996 322
863 757
621 929
651 713
909 727
954 35
126 406
159 884
452 108
735 31
226 95
925 563
893 811
354 109
58 308
960 776
84 673
691 508
403 995
534 416
556 975
445 978
465 864
751 818
470 560
757 587
564 977
598 599
951 94
859 376
542 60
805 246
853 11
760 988
295 360
307 377
543 909
501 802
773 18
48 421
958 615
390 275
575 858
423 666
876 85
211 304
710 397
886 378
1 344
285 919
326 111
416 925
334 304
226 356
993 558
80 408
221 338
773 975
96 832
961 59
176 219
521 854
650 459
1 740
517 111
325 126
842 990
96 882
769 951
190 315
355 999
734 927
951 709
27 597
990 402
406 553
852 325
670 979
223 648
968 359
412 81
403 117
727 627
859 48
787 853
351 897
15 717
542 698
503 0
4 975
418 272
525 649
884 68
961 25
804 423
660 293
364 876
727 598
89 838
800 625
803 717
338 166
387 659
150 278
774 712
616 556
941 875
637 500
450 429
283 661
894 502
662 137
47 482
947 616
30 402
607 120
631 878
805 105
240 119
927 410
644 911
787 898
111 868
636 392
129 953
862 234
989 554
296 503
781 235
616 10
580 573
344 57
914 961
828 144
566 674
866 32
370 687
42 605
849 881
199 831
148 213
718 948
215 491
584 327
698 326
270 498
271 214
524 102
659 811
271 691
425 269
115 375
372 713
93 591
277 659
478 839
209 450
583 136
57 410
194 407
948 784
237 308
217 807
24 984
31 344
286 346
325 803
237 763
671 826
152 752
39 60
561 714
451 26
41 21
393 676
591 364
478 481
957 910
352 858
982 766
54 239
450 101
614 725
153 647
18 304
307 86
388 140
684 992
333 231
27 504
418 684
410 596
425 846
536 796
882 834
855 871
838 799
582 979
0 799
701 263
826 157
794 3
552 780
991 195
211 529
773 124
894 786
607 457
211 780
410 193
190 643
657 305
368 808
150 582
734 286
652 290
36 842
660 338
835 630
285 473
143 226
838 153
549 756
299 54
552 936
556 551
538 476
463 625
837 782
630 751
976 660
855 350
267 359
790 645
945 923
463 600
838 266
506 956
486 1
694 911
215 129
122 366
153 447
670 448
294 919
819 935
854 90
307 663
36 671
442 134
875 441
215 50
266 889
981 378
225 33
680 224
523 362
914 937
975 951
518 917
977 427
681 619
921 580
552 371
775 803
66 101
706 8
53 967
456 942
75 182
145 538
147 64
912 925
109 990
781 500
565 575
703 874
821 480
626 252
127 212
925 952
603 589
968 201
327 980
136 953
497 227
838 980
968 639
30 430
679 403
925 885
855 711
48 176
514 849
851 433
339 691
415 317
444 398
876 844
359 374
370 733
85 84
204 435
538 404
894 300
175 593
233 844
610 359
861 285
775 377
931 182
909 869
612 271
173 820
677 450
905 245
399 144
406 703
830 853
692 861
242 592
578 11
827 76
166 250
269 142
395 376
79 525
348 623
976 724
625 757
600 30
101 55
330 73
876 851
34 644
215 662
359 387
420 943
17 240
669 215
886 279
555 96
793 458
244 232
991 34
708 476
102 160
755 854
387 472
42 161
223 881
253 178
750 506
193 665
974 851
823 953
853 415
850 968
886 741
900 717
409 845
538 609
278 570
446 8
989 642
927 710
546 727
480 277
660 886
378 889
622 620
753 762
947 382
533 845
47 409
757 637
407 913
593 240
215 428
638 818
79 841
27 409
129 126
280 517
954 697
14 429
641 137
808 299
69 322
107 313
946 901
748 180
975 247
126 561
475 483
691 92
844 653
743 420
498 79
701 255
476 483
316 877
377 416
80 163
501 732
127 345
640 441
99 895
924 379
542 716
877 401
799 540
163 520
714 66
529 967
521 440
806 481
960 703
91 840
72 461
0 873
13 546
126 822
437 790
776 27
127 306
734 887
776 870
154 245
400 357
728 553
998 562
843 828
523 223
757 978
755 536
349 947
197 8
363 805
952 291
379 166
918 508
839 996
799 703
200 541
354 233
931 519
946 26
421 481
264 415
249 574
49 233
371 416
855 531
767 962
52 689
128 575
919 163
417 305
718 445
282 672
394 417
993 966
598 35
279 412
897 611
971 290
241 654
654 952
141 733
415 614
263 579
500 956
810 937
89 657
336 946
227 705
783 382
315 814
226 325
440 572
58 594
123 476
584 95
323 613
561 464
242 601
20 174
962 887
633 305
634 431
998 467
870 469
869 157
151 277
867 410
399 916
655 483
943 394
170 658
48 626
915 287
219 917
529 385
4 70
469 489
968 171
883 743
47 579
721 249
330 593
666 351
73 105
8 58
751 652
356 315
127 188
705 566
41 358
805 324
676 191
150 584
771 605
667 242
374 79
616 675
618 841
439 845
77 478
615 954
935 196
550 486
206 113
0 950
918 250
247 270
660 387
270 499
626 401
572 129
565 999
925 720
248 275
935 51
442 585
837 337
503 416
113 934
474 171
612 193
516 615
274 551
146 406
137 814
674 350
772 372
725 85
135 207
528 77
571 926
981 455
174 669
889 983
856 340
25 845
895 295
164 929
416 859
400 377
573 469
166 523
829 165
866 765
665 693
565 284
722 337
474 274
123 706
915 831
309 981
873 631
490 740
253 915
656 34
303 582
572 55
531 216
711 166
236 374
326 992
457 609
770 650
791 990
41 26
22 491
793 776
43 726
593 108
416 240
900 332
921 126
349 326
206 103
831 989
309 437
293 913
103 29
234 864
467 817
663 634
221 680
514 2
800 551
120 354
42 770
281 433
220 311
904 81
380 183
256 853
76 123
955 779
517 271
435 120
865 12
846 505
75 700
407 786
880 35
680 90
463 517
430 979
321 911
197 391
503 975
258 351
418 519
328 488
96 666
817 114
851 166
378 73
746 522
682 247
788 182
640 565
55 427
19 392
119 2
418 563
543 225
232 303
111 308
702 706
806 406
219 451
786 330
22 315
702 732
547 415
485 924
646 485
708 960
417 887
941 703
36 674
126 951
625 859
834 312
644 109
493 474
410 582
156 791
320 961
879 801
66 988
776 912
629 850
285 817
994 961
684 49
239 74
954 513
643 154
721 534
358 582
569 422
284 382
343 668
524 641
189 427
307 121
20 897
937 838
385 634
551 469
965 931
437 787
2 287
678 677
555 892
343 644
503 749
115 292
896 236
896 298
196 995
368 96
365 169
686 759
173 325
344 851
812 152
32 604
537 893
800 624
759 786
392 644
381 118
863 980
925 115
456 51
245 780
643 920
832 690
449 334
689 494
778 421
956 985
51 134
152 933
552 315
11 123
229 916
746 20
835 925
4 866
179 233
162 979
412 834
899 827
637 341
44 969
231 477
349 738
807 518
304 960
585 12
56 504
475 801
81 817
148 24
537 964
23 903
863 380
50 182
179 670
775 301
248 126
505 872
167 316
850 137
716 390
92 386
582 677
359 408
935 771
931 647
323 81
560 342
600 737
390 633
4 686
312 501
904 250
99 673
766 30
948 459
162 604
458 181
610 179
904 525
778 824
108 440
880 954
581 0
60 730
28 889
857 995
198 137
885 212
698 445
92 399
721 123
65 665
38 969
459 159
736 870
522 146
673 316
843 157
646 825
3 567
551 168
876 951
815 775
769 239
836 835
316 835
874 802
82 301
711 27
71 658
783 284
911 956
295 591
989 461
960 924
836 725
244 787
14 344
696 635
681 278
966 487
524 982
473 72
555 512
141 975
511 610
603 323
185 293
381 791
795 778
188 709
193 788
905 768
149 929
262 493
635 160
347 715
836 50
206 306
21 156
935 756
26 496
360 370
343 25
354 615
863 460
738 780
552 950
674 209
928 369
496 66
525 972
25 387
225 622
460 983
593 903
440 897
682 886
861 919
203 123
946 964
526 51
282 781
204 593
32 308
559 13
603 755
33 796
488 312
518 405
998 440
883 957
409 16
665 501
998 294
592 992
358 332
892 223
552 897
372 293
498 917
563 472
106 415
424 634
170 203
800 882
838 210
189 873
916 554
663 30
8 971
748 32
185 362
807 897
336 123
285 736
396 611
475 82
615 146
990 518
968 106
544 800
699 370
685 447
309 873
840 170
423 499
848 781
904 302
78 155
307 114
687 419
648 517
984 82
687 815
582 221
848 277
110 535
800 415
882 249
322 15
789 85
895 420
105 470
208 738
436 403
56 73
276 716
73 461
852 69
975 407
596 109
480 18
789 446
272 28
537 629
509 424
208 488
847 493
464 492
975 502
635 662
654 328
466 447
850 781
985 858
628 385
689 718
589 525
499 597
457 699
145 2
546 521
607 895
235 550
582 993
541 996
543 853
68 225
346 172
670 917
30 3
587 45
257 273
653 225
611 541
793 359
688 738
933 58
104 386
338 503
727 446
909 234
681 570
809 612
822 74
258 519
593 57
460 434
106 218
744 770
449 882
527 649
298 829
985 506
290 590
270 287
887 46
939 773
701 745
51 172
251 738
166 314
848 571
373 796
387 305
451 510
60 595
843 742
34 876
389 195
273 38
840 809
137 872
424 238
702 66
309 485
216 499
882 833
187 585
483 360
887 205
862 670
81 755
279 998
34 137
899 970
634 381
93 917
851 78
805 117
879 203
446 384
175 678
186 594
405 175
897 541
649 853
343 210
85 438
915 271
648 955
497 309
435 789
369 512
477 955
195 489
607 392
341 410
746 893
223 462
610 310
325 891
454 479
864 329
281 5
327 330
579 737
693 139
888 305
161 277
411 349
471 351
966 497
450 217
714 254
524 256
988 576
726 97
411 721
671 42
439 597
99 303
533 124
446 512
54 73
443 375
561 221
72 170
352 349
204 174
490 683
201 615
612 678
84 57
470 145
634 416
149 309
85 774
724 574
341 288
956 275
876 459
546 641
0 21
216 418
881 248
298 971
207 322
172 617
222 461
391 558
403 672
734 68
319 4
621 336
117 918
164 123
372 548
710 493
168 248
96 527
694 718
882 386
977 716
108 707
810 160
948 993
875 761
384 746
6 371
770 663
729 127
70 219
883 486
137 51
115 250
869 210
22 0
24 13
218 585
970 382
490 512
724 98
116 602
473 910
130 190
240 510
834 876
817 596
127 201
862 614
223 163
13 329
748 892
561 238
936 24
88 725
314 805
199 542
10 487
882 796
541 189
902 856
192 393
329 16
485 535
740 111
73 916
965 342
59 951
405 122
919 998
448 523
427 184
460 975
998 899
795 27
626 599
12 707
323 971
4 77
526 543
713 909
927 508
739 173
726 771
473 789
255 34
56 297
722 634
72 736
53 201
111 582
514 809
430 953
498 193
726 992
958 920
723 651
314 624
253 616
429 120
836 849
366 620
174 248
459 794
697 769
325 925
189 201
477 414
202 845
361 64
60 495
833 207
717 859
82 303
467 907
182 83
779 791
606 647
9 606
345 54
818 362
884 792
296 321
889 963
830 977
832 213
890 639
830 567
467 195
38 896
860 598
36 81
366 837
671 185
980 432
359 827
824 542
716 697
94 760
384 362
23 489
602 166
505 854
808 549
879 935
855 45
585 325
682 110
393 928
209 323
726 551
255 394
538 623
260 171
216 436
613 125
934 439
67 926
158 474
984 859
1 896
704 8
869 868
0 89
957 796
916 612
313 41
669 709
779 834
264 685
213 795
190 549
144 32
455 108
716 652
88 136
740 397
12 118
699 41
664 725
668 301
942 159
241 550
625 20
743 629
99 717
241 872
756 52
326 626
711 987
685 267
813 782
149 385
261 80
928 768
806 431
838 869
558 162
228 641
245 819
627 39
916 952
911 36
879 635
780 958
991 964
729 720
30 81
881 449
395 489
78 356
183 695
