#Anzahl der Knoten
1000
# Knoten mit Gewichten
0 23.0
1 -39.0
2 -8.0
3 -9.0
4 -29.0
5 -46.0
6 -16.0
7 15.0
8 46.0
9 21.0
10 -49.0
11 -34.0
12 46.0
13 -34.0
14 43.0
15 5.0
16 44.0
17 41.0
18 43.0
19 -1.0
20 -10.0
21 41.0
22 -15.0
23 -34.0
24 -20.0
25 -13.0
26 0.0
27 36.0
28 -38.0
29 3.0
30 27.0
31 8.0
32 15.0
33 -45.0
34 -34.0
35 26.0
36 -12.0
37 12.0
38 -36.0
39 37.0
40 19.0
41 -4.0
42 30.0
43 -49.0
44 -49.0
45 35.0
46 2.0
47 -47.0
48 24.0
49 20.0
50 -35.0
51 -22.0
52 -1.0
53 -42.0
54 4.0
55 11.0
56 7.0
57 45.0
58 -29.0
59 -22.0
60 12.0
61 -30.0
62 -31.0
63 -49.0
64 -48.0
65 18.0
66 -33.0
67 -1.0
68 -32.0
69 -1.0
70 4.0
71 -37.0
72 47.0
73 -36.0
74 -25.0
75 -29.0
76 -10.0
77 34.0
78 -28.0
79 -9.0
80 -6.0
81 44.0
82 -26.0
83 2.0
84 38.0
85 -11.0
86 -46.0
87 -22.0
88 9.0
89 -38.0
90 15.0
91 -27.0
92 -38.0
93 49.0
94 15.0
95 8.0
96 48.0
97 46.0
98 -29.0
99 -23.0
100 -12.0
101 -13.0
102 -3.0
103 37.0
104 -16.0
105 -20.0
106 -5.0
107 -44.0
108 0.0
109 -31.0
110 49.0
111 13.0
112 13.0
113 -22.0
114 40.0
115 -15.0
116 0.0
117 -23.0
118 0.0
119 -38.0
120 -7.0
121 -36.0
122 -19.0
123 4.0
124 21.0
125 0.0
126 46.0
127 -48.0
128 -29.0
129 -14.0
130 -32.0
131 -25.0
132 4.0
133 30.0
134 5.0
135 -39.0
136 8.0
137 1.0
138 28.0
139 2.0
140 19.0
141 -13.0
142 -29.0
143 -5.0
144 -24.0
145 19.0
146 27.0
147 -32.0
148 -27.0
149 19.0
150 48.0
151 42.0
152 30.0
153 23.0
154 33.0
155 -40.0
156 -33.0
157 -6.0
158 13.0
159 -17.0
160 -49.0
161 15.0
162 13.0
163 -12.0
164 -29.0
165 41.0
166 38.0
167 -19.0
168 20.0
169 30.0
170 22.0
171 -7.0
172 0.0
173 -44.0
174 48.0
175 -36.0
176 -34.0
177 9.0
178 21.0
179 44.0
180 32.0
181 0.0
182 -37.0
183 15.0
184 11.0
185 20.0
186 -1.0
187 -23.0
188 -40.0
189 -43.0
190 11.0
191 9.0
192 -47.0
193 -21.0
194 9.0
195 2.0
196 -42.0
197 -24.0
198 -42.0
199 -21.0
200 17.0
201 14.0
202 -21.0
203 -14.0
204 10.0
205 -34.0
206 34.0
207 -13.0
208 -14.0
209 6.0
210 9.0
211 -25.0
212 -20.0
213 -48.0
214 37.0
215 32.0
216 24.0
217 3.0
218 -7.0
219 14.0
220 -12.0
221 47.0
222 -22.0
223 36.0
224 22.0
225 29.0
226 38.0
227 34.0
228 -45.0
229 -6.0
230 -4.0
231 -16.0
232 36.0
233 -20.0
234 40.0
235 -41.0
236 -43.0
237 5.0
238 26.0
239 -23.0
240 -7.0
241 9.0
242 49.0
243 46.0
244 -43.0
245 13.0
246 8.0
247 5.0
248 6.0
249 4.0
250 16.0
251 -29.0
252 40.0
253 49.0
254 -25.0
255 20.0
256 -25.0
257 37.0
258 20.0
259 35.0
260 -16.0
261 27.0
262 10.0
263 -28.0
264 -18.0
265 37.0
266 -47.0
267 33.0
268 -4.0
269 -23.0
270 -13.0
271 7.0
272 -3.0
273 -36.0
274 -32.0
275 -45.0
276 17.0
277 32.0
278 21.0
279 7.0
280 24.0
281 41.0
282 42.0
283 22.0
284 8.0
285 14.0
286 14.0
287 -49.0
288 -38.0
289 4.0
290 27.0
291 33.0
292 -19.0
293 24.0
294 38.0
295 -13.0
296 13.0
297 5.0
298 42.0
299 37.0
300 -30.0
301 -24.0
302 25.0
303 -25.0
304 -34.0
305 -7.0
306 -45.0
307 6.0
308 -12.0
309 -45.0
310 28.0
311 39.0
312 21.0
313 -20.0
314 -38.0
315 29.0
316 26.0
317 2.0
318 -46.0
319 -8.0
320 -18.0
321 36.0
322 16.0
323 43.0
324 -7.0
325 -2.0
326 -9.0
327 -43.0
328 24.0
329 4.0
330 -13.0
331 -42.0
332 26.0
333 15.0
334 -17.0
335 35.0
336 1.0
337 28.0
338 -2.0
339 -49.0
340 -36.0
341 -45.0
342 -46.0
343 -5.0
344 -5.0
345 -23.0
346 19.0
347 44.0
348 21.0
349 -12.0
350 27.0
351 -47.0
352 -21.0
353 27.0
354 28.0
355 5.0
356 46.0
357 46.0
358 49.0
359 28.0
360 -26.0
361 -18.0
362 -5.0
363 24.0
364 -36.0
365 15.0
366 -26.0
367 14.0
368 15.0
369 -32.0
370 7.0
371 40.0
372 5.0
373 -46.0
374 -24.0
375 -12.0
376 42.0
377 -10.0
378 22.0
379 -8.0
380 27.0
381 -45.0
382 -25.0
383 21.0
384 -32.0
385 6.0
386 -5.0
387 -4.0
388 32.0
389 -3.0
390 10.0
391 -4.0
392 13.0
393 -1.0
394 -19.0
395 -4.0
396 -43.0
397 29.0
398 43.0
399 -16.0
400 -23.0
401 7.0
402 -27.0
403 2.0
404 -19.0
405 -9.0
406 -12.0
407 -16.0
408 35.0
409 -36.0
410 30.0
411 -44.0
412 -11.0
413 -40.0
414 -23.0
415 17.0
416 -46.0
417 -8.0
418 16.0
419 -34.0
420 -42.0
421 -1.0
422 10.0
423 49.0
424 -32.0
425 47.0
426 -47.0
427 -34.0
428 20.0
429 43.0
430 -22.0
431 -4.0
432 -38.0
433 35.0
434 19.0
435 -40.0
436 -15.0
437 -29.0
438 -27.0
439 -10.0
440 -33.0
441 -16.0
442 9.0
443 33.0
444 30.0
445 -11.0
446 1.0
447 18.0
448 -15.0
449 -1.0
450 -44.0
451 -42.0
452 10.0
453 47.0
454 18.0
455 16.0
456 8.0
457 38.0
458 -13.0
459 -31.0
460 44.0
461 5.0
462 18.0
463 15.0
464 -27.0
465 -18.0
466 -5.0
467 -49.0
468 20.0
469 -39.0
470 -47.0
471 48.0
472 15.0
473 10.0
474 -18.0
475 3.0
476 31.0
477 -31.0
478 -34.0
479 -3.0
480 -4.0
481 -29.0
482 -18.0
483 39.0
484 4.0
485 -34.0
486 2.0
487 24.0
488 -18.0
489 4.0
490 19.0
491 24.0
492 -40.0
493 37.0
494 45.0
495 -13.0
496 -37.0
497 17.0
498 -47.0
499 -4.0
500 -41.0
501 -22.0
502 -44.0
503 -8.0
504 -3.0
505 -30.0
506 31.0
507 47.0
508 46.0
509 -12.0
510 -15.0
511 37.0
512 -22.0
513 -44.0
514 -48.0
515 22.0
516 29.0
517 7.0
518 -39.0
519 -46.0
520 31.0
521 -13.0
522 24.0
523 -40.0
524 -12.0
525 -27.0
526 -39.0
527 -3.0
528 26.0
529 43.0
530 -29.0
531 -26.0
532 44.0
533 13.0
534 -47.0
535 -2.0
536 24.0
537 40.0
538 13.0
539 0.0
540 43.0
541 -40.0
542 -40.0
543 -35.0
544 45.0
545 4.0
546 31.0
547 0.0
548 -28.0
549 19.0
550 33.0
551 15.0
552 -24.0
553 32.0
554 14.0
555 -20.0
556 21.0
557 -34.0
558 30.0
559 -13.0
560 -3.0
561 -3.0
562 -38.0
563 40.0
564 1.0
565 -43.0
566 24.0
567 6.0
568 -44.0
569 -12.0
570 5.0
571 43.0
572 -13.0
573 6.0
574 38.0
575 43.0
576 37.0
577 19.0
578 -43.0
579 -35.0
580 -42.0
581 30.0
582 -27.0
583 16.0
584 -27.0
585 -21.0
586 14.0
587 20.0
588 -20.0
589 43.0
590 38.0
591 -45.0
592 4.0
593 -39.0
594 20.0
595 48.0
596 -31.0
597 44.0
598 -15.0
599 44.0
600 -46.0
601 -12.0
602 -25.0
603 31.0
604 29.0
605 -22.0
606 20.0
607 -1.0
608 -3.0
609 21.0
610 30.0
611 40.0
612 -41.0
613 -7.0
614 -2.0
615 49.0
616 46.0
617 40.0
618 -26.0
619 40.0
620 -4.0
621 24.0
622 -1.0
623 4.0
624 -43.0
625 -4.0
626 -39.0
627 22.0
628 39.0
629 23.0
630 36.0
631 0.0
632 29.0
633 12.0
634 -15.0
635 -33.0
636 -37.0
637 -16.0
638 39.0
639 0.0
640 -6.0
641 -33.0
642 -37.0
643 10.0
644 16.0
645 49.0
646 1.0
647 -25.0
648 5.0
649 -12.0
650 41.0
651 1.0
652 -11.0
653 -29.0
654 -32.0
655 -15.0
656 -36.0
657 -38.0
658 -2.0
659 29.0
660 37.0
661 29.0
662 -8.0
663 8.0
664 2.0
665 2.0
666 13.0
667 -6.0
668 -33.0
669 -18.0
670 -25.0
671 -23.0
672 35.0
673 -19.0
674 -45.0
675 -48.0
676 38.0
677 -33.0
678 -47.0
679 21.0
680 11.0
681 32.0
682 -20.0
683 -11.0
684 -41.0
685 15.0
686 27.0
687 -27.0
688 -14.0
689 -25.0
690 10.0
691 1.0
692 -13.0
693 -19.0
694 13.0
695 -2.0
696 38.0
697 -15.0
698 15.0
699 -46.0
700 14.0
701 -39.0
702 -43.0
703 -15.0
704 10.0
705 -47.0
706 5.0
707 -49.0
708 3.0
709 -23.0
710 41.0
711 -17.0
712 44.0
713 0.0
714 43.0
715 10.0
716 -32.0
717 28.0
718 -33.0
719 -40.0
720 42.0
721 44.0
722 49.0
723 -40.0
724 23.0
725 -9.0
726 31.0
727 32.0
728 8.0
729 -2.0
730 -5.0
731 -45.0
732 -8.0
733 -12.0
734 -3.0
735 7.0
736 16.0
737 33.0
738 -18.0
739 47.0
740 38.0
741 -6.0
742 22.0
743 27.0
744 22.0
745 6.0
746 2.0
747 48.0
748 46.0
749 42.0
750 24.0
751 -30.0
752 24.0
753 -46.0
754 35.0
755 -12.0
756 3.0
757 -9.0
758 -23.0
759 23.0
760 24.0
761 -44.0
762 19.0
763 1.0
764 -43.0
765 43.0
766 1.0
767 20.0
768 31.0
769 0.0
770 2.0
771 -43.0
772 22.0
773 39.0
774 2.0
775 14.0
776 12.0
777 28.0
778 21.0
779 -13.0
780 -14.0
781 28.0
782 43.0
783 -19.0
784 -23.0
785 13.0
786 -10.0
787 4.0
788 46.0
789 -18.0
790 -18.0
791 35.0
792 0.0
793 10.0
794 46.0
795 42.0
796 17.0
797 32.0
798 26.0
799 -24.0
800 -40.0
801 24.0
802 -7.0
803 2.0
804 37.0
805 41.0
806 27.0
807 15.0
808 0.0
809 -26.0
810 -17.0
811 -20.0
812 -49.0
813 31.0
814 -26.0
815 -15.0
816 -13.0
817 -37.0
818 -36.0
819 -9.0
820 -19.0
821 -22.0
822 10.0
823 -41.0
824 -26.0
825 -32.0
826 -2.0
827 -27.0
828 -41.0
829 -24.0
830 3.0
831 49.0
832 30.0
833 1.0
834 34.0
835 43.0
836 -40.0
837 39.0
838 6.0
839 35.0
840 44.0
841 41.0
842 -22.0
843 12.0
844 -16.0
845 48.0
846 -2.0
847 44.0
848 36.0
849 43.0
850 1.0
851 10.0
852 22.0
853 -1.0
854 -45.0
855 -16.0
856 -22.0
857 -9.0
858 27.0
859 -43.0
860 -30.0
861 -32.0
862 9.0
863 21.0
864 -33.0
865 -1.0
866 11.0
867 12.0
868 -1.0
869 -38.0
870 41.0
871 -37.0
872 -2.0
873 0.0
874 26.0
875 -6.0
876 32.0
877 -22.0
878 1.0
879 -5.0
880 -35.0
881 16.0
882 -5.0
883 -9.0
884 -48.0
885 47.0
886 45.0
887 28.0
888 -43.0
889 -43.0
890 -38.0
891 12.0
892 39.0
893 39.0
894 11.0
895 12.0
896 0.0
897 46.0
898 35.0
899 39.0
900 -30.0
901 24.0
902 -2.0
903 -8.0
904 7.0
905 25.0
906 -21.0
907 41.0
908 -43.0
909 -3.0
910 -40.0
911 37.0
912 -7.0
913 -39.0
914 -28.0
915 -10.0
916 33.0
917 25.0
918 -49.0
919 -13.0
920 24.0
921 14.0
922 18.0
923 4.0
924 46.0
925 -31.0
926 -45.0
927 42.0
928 -32.0
929 -45.0
930 -37.0
931 -9.0
932 22.0
933 -19.0
934 -31.0
935 -14.0
936 -16.0
937 -16.0
938 32.0
939 0.0
940 -30.0
941 20.0
942 -23.0
943 -23.0
944 -43.0
945 7.0
946 -15.0
947 30.0
948 25.0
949 45.0
950 -29.0
951 10.0
952 -4.0
953 -22.0
954 -7.0
955 4.0
956 1.0
957 -7.0
958 20.0
959 -33.0
960 -47.0
961 -21.0
962 13.0
963 -7.0
964 -6.0
965 4.0
966 -11.0
967 22.0
968 -49.0
969 -36.0
970 40.0
971 -46.0
972 -42.0
973 -9.0
974 39.0
975 -43.0
976 6.0
977 -42.0
978 31.0
979 23.0
980 31.0
981 -14.0
982 28.0
983 22.0
984 27.0
985 26.0
986 41.0
987 -37.0
988 10.0
989 -17.0
990 29.0
991 15.0
992 -3.0
993 2.0
994 -44.0
995 -23.0
996 24.0
997 22.0
998 45.0
999 -36.0
#Kanten
208 738
307 86
8 559
149 309
456 51
175 677
496 186
615 146
656 925
153 751
785 533
651 482
395 376
744 770
804 423
172 679
701 745
614 147
838 869
741 164
108 707
493 0
8 152
139 508
489 616
686 874
258 864
108 239
582 677
463 248
935 51
112 793
418 684
694 145
417 144
685 267
285 736
28 890
661 307
174 248
140 331
717 622
862 95
326 626
223 648
283 789
139 94
54 923
235 622
129 616
772 437
801 248
16 231
128 840
448 452
924 119
792 49
942 373
82 681
697 612
644 911
208 156
651 299
545 348
744 401
840 809
320 961
377 224
546 727
879 935
492 783
521 975
543 278
250 165
617 29
788 661
440 626
757 404
149 736
473 789
360 370
911 956
647 239
103 71
585 922
255 34
480 803
103 29
242 601
673 267
126 726
271 691
503 416
947 934
759 915
914 992
64 751
497 227
672 862
993 290
789 446
551 168
686 965
194 407
156 387
440 944
182 438
392 352
396 611
248 275
681 278
139 274
667 804
949 422
236 375
272 28
551 92
716 385
40 619
460 975
115 250
351 897
142 281
79 841
663 857
968 359
326 992
350 60
788 683
341 862
945 354
121 15
952 54
835 630
881 248
27 597
969 610
515 33
674 209
861 780
935 771
994 961
86 586
803 492
117 918
768 915
622 283
554 894
11 123
743 420
511 384
909 602
865 353
281 9
706 646
494 369
47 579
904 302
156 791
225 33
330 702
642 176
143 328
496 930
59 14
78 155
862 670
401 17
367 692
303 582
401 750
137 872
407 786
95 773
336 123
660 886
460 118
432 117
765 55
4 975
268 439
285 919
443 375
580 573
982 766
782 107
685 534
829 65
922 629
476 483
485 535
269 142
650 459
55 893
898 401
354 615
236 35
828 144
417 305
407 913
967 634
323 556
172 377
807 880
571 403
642 894
348 821
89 657
776 870
82 301
394 417
795 488
207 407
336 946
348 922
612 193
113 57
817 121
149 929
209 323
873 631
635 160
887 908
66 674
490 945
535 308
213 286
678 677
473 72
869 157
974 851
560 128
895 295
209 606
678 89
453 185
647 734
798 503
24 123
492 81
29 867
404 501
78 339
373 796
650 693
170 658
998 440
251 738
460 278
203 930
665 395
941 875
942 159
791 761
522 340
685 168
341 338
671 636
128 49
938 396
814 64
778 698
225 622
734 927
13 646
694 390
209 876
957 910
256 651
752 641
588 140
304 960
44 813
968 319
380 707
406 703
890 639
925 952
819 476
696 929
596 346
904 250
517 111
866 138
647 686
661 346
46 148
606 315
630 737
208 842
641 359
838 218
299 905
622 429
919 163
74 961
458 181
608 290
75 295
3 751
370 733
120 988
219 917
315 23
954 513
399 690
14 344
573 610
844 717
670 345
253 178
385 22
572 129
65 665
329 16
382 857
68 30
7 989
338 25
866 566
449 978
736 870
122 433
592 345
911 36
392 955
87 53
902 670
57 410
240 119
265 188
838 878
369 193
217 659
606 431
788 483
32 455
681 56
41 21
921 499
560 686
582 505
379 429
689 406
222 218
637 500
271 991
645 82
426 530
12 707
371 332
847 81
505 326
912 24
93 917
26 572
150 849
416 756
687 815
638 349
504 388
614 603
746 725
444 387
755 203
548 900
352 858
402 44
834 312
36 826
614 328
989 232
201 615
73 105
276 716
950 396
790 652
775 301
485 846
306 943
850 781
975 951
622 15
877 835
790 892
17 240
777 174
485 924
793 458
162 397
560 526
688 738
991 195
796 449
492 569
757 637
497 829
879 203
463 517
619 751
503 975
667 910
652 995
75 700
132 402
53 201
392 88
198 781
424 634
996 322
253 915
385 339
315 930
502 404
51 172
80 387
173 385
416 240
129 741
876 85
893 127
817 97
60 730
538 67
944 924
197 469
711 27
115 981
110 211
22 0
338 166
160 164
468 794
799 326
47 482
348 228
845 358
679 905
786 756
199 988
870 469
312 291
861 866
675 152
759 740
618 841
128 612
67 926
248 89
128 212
316 210
135 388
703 479
906 260
779 982
941 284
652 290
159 870
66 898
959 956
381 791
731 538
482 132
829 165
716 807
399 916
545 686
716 697
112 996
593 57
552 780
170 203
117 510
270 499
701 255
579 737
294 235
484 399
789 522
291 676
104 386
390 633
549 677
805 117
358 582
433 395
697 459
246 404
384 746
600 501
275 937
803 884
685 518
866 765
314 624
56 73
153 647
516 615
919 304
395 147
833 207
853 293
282 359
513 369
524 102
716 390
696 635
712 879
309 437
126 822
94 760
703 874
296 424
435 120
58 674
680 864
305 875
951 509
645 459
357 937
873 894
1 277
933 777
853 11
876 415
820 649
805 482
772 169
205 790
292 830
992 652
864 756
289 796
945 923
698 445
473 910
206 802
694 668
135 683
528 408
440 897
258 497
713 909
273 38
176 799
36 842
343 668
938 571
986 152
911 750
763 708
108 110
70 219
344 479
326 122
152 933
837 337
666 732
823 89
526 543
719 293
929 407
133 162
699 41
732 814
882 386
866 690
274 594
590 975
818 798
804 664
99 766
36 827
34 876
983 971
95 230
294 666
981 205
861 285
815 241
374 649
885 212
406 923
501 732
332 407
72 104
217 505
130 308
855 350
477 955
17 633
869 995
800 42
817 425
357 572
291 921
127 345
36 81
500 956
550 181
199 535
778 840
625 859
581 368
524 256
632 711
167 482
314 992
59 842
845 894
379 931
209 450
448 523
199 542
540 111
911 618
95 165
900 534
548 247
139 692
126 406
196 786
905 768
920 328
560 117
597 718
561 464
826 598
831 989
95 288
671 389
851 166
844 754
813 790
14 944
467 817
567 79
885 202
732 831
315 60
869 406
813 112
991 34
648 556
483 638
133 253
163 520
838 266
695 753
956 534
810 17
127 212
893 811
307 846
64 401
887 693
135 207
122 582
753 762
977 716
281 5
241 550
624 235
881 241
343 644
91 840
896 681
261 608
555 512
276 491
923 316
516 224
782 331
631 428
216 436
989 545
623 757
242 592
649 853
751 231
157 614
518 613
197 8
48 176
813 728
961 59
777 423
471 351
678 562
288 644
440 691
760 771
705 566
701 977
307 121
593 578
836 50
133 450
779 834
846 505
195 489
931 182
448 652
907 205
323 444
122 738
589 177
428 116
726 771
197 391
867 677
378 889
679 403
583 136
245 51
185 362
99 717
68 151
420 943
626 401
933 459
268 282
746 188
899 147
416 148
76 123
127 201
865 12
824 792
725 176
517 271
926 637
894 502
504 490
358 881
939 773
572 131
237 208
711 720
282 321
74 25
676 723
530 706
89 838
336 494
20 132
827 274
161 277
324 172
0 15
771 779
717 826
349 994
905 166
935 190
854 268
897 541
313 667
535 628
349 290
670 979
88 725
353 431
173 558
918 675
157 596
818 362
345 54
684 248
162 353
961 567
813 967
524 987
362 36
552 379
144 970
853 415
296 321
164 929
836 725
785 758
862 234
191 444
755 854
229 916
711 166
602 166
551 469
97 231
614 725
667 779
866 225
480 18
209 438
349 738
218 534
398 870
425 876
342 699
995 598
732 725
497 309
951 709
948 563
358 902
766 30
770 663
721 123
380 79
179 670
400 39
671 185
994 141
761 332
38 651
762 16
114 847
552 897
836 300
934 723
141 80
704 8
652 560
845 212
470 560
484 545
535 711
559 334
34 644
153 447
293 913
937 191
282 182
885 604
693 778
731 838
866 309
96 832
14 538
862 225
352 349
888 305
938 689
296 128
685 320
622 459
303 119
960 924
304 469
813 555
914 814
567 415
815 775
639 898
273 248
287 90
354 905
909 1
327 462
751 818
734 106
946 901
253 616
186 594
486 716
184 439
135 727
420 694
720 224
152 966
847 493
917 707
669 215
258 533
289 310
951 135
456 120
57 385
560 773
475 483
8 198
862 614
708 21
131 469
150 584
253 209
756 646
52 107
626 126
372 293
515 711
69 322
774 712
639 247
131 75
739 173
214 183
674 821
113 934
138 351
421 827
863 537
707 686
674 350
529 967
886 741
207 322
146 406
96 527
822 557
449 72
734 894
634 381
376 15
210 698
990 831
245 819
330 447
787 144
790 346
225 39
740 401
931 179
480 277
857 995
61 42
855 871
683 168
448 768
169 104
820 137
102 160
937 838
555 96
129 235
989 642
267 359
383 37
237 920
209 930
628 385
195 392
648 773
211 780
402 232
36 211
905 990
882 796
536 107
157 183
172 536
228 722
840 108
771 970
848 277
452 699
428 372
854 90
397 475
439 597
270 613
876 951
226 496
447 693
663 30
333 435
162 106
771 605
667 242
610 310
250 724
692 734
472 983
747 183
422 855
446 384
805 105
58 51
726 990
610 139
916 978
401 467
833 851
939 659
909 727
941 703
162 979
810 937
194 404
759 786
150 278
176 30
99 718
708 342
809 961
102 980
296 559
84 809
