
# Regel 1a: 265
# Regel 1b: 345
# Regel 2a: 246
# Regel 2b: 144
# Zyklen: 0
# Redundante Kanten: 0
# Teilgraphen: 0
# Anzahl der Knoten in der Teilmenge
522
# Gesamtwert der Knoten
8562.0
# Nummern der Knoten
0
7
9
12
14
15
16
17
18
21
27
29
30
31
35
37
39
40
42
45
48
49
54
55
56
57
60
65
72
77
81
83
84
88
90
93
94
96
97
110
111
112
114
116
118
123
124
125
134
136
137
138
140
145
146
150
151
152
154
158
165
166
168
169
174
177
178
179
180
181
183
190
191
200
204
206
214
215
219
221
223
224
226
227
232
234
238
241
242
243
245
247
249
252
253
255
257
259
261
262
265
276
277
278
279
280
282
283
284
286
290
293
294
297
298
299
302
305
310
311
312
316
317
321
322
323
328
332
333
335
336
337
346
347
350
353
355
356
357
358
359
363
365
367
368
370
372
376
378
379
385
386
388
389
390
397
398
403
408
409
410
412
415
418
420
422
423
425
429
434
441
442
444
446
447
452
453
454
455
457
460
461
462
468
471
472
475
476
484
486
487
489
490
491
493
494
506
507
508
511
512
517
520
523
528
529
532
533
536
537
538
539
544
545
546
547
549
550
553
554
556
558
563
564
566
569
570
571
572
573
574
575
576
577
581
583
585
586
587
589
590
594
595
597
599
603
604
606
608
609
610
611
616
617
619
621
623
627
628
629
630
631
632
633
634
638
639
643
645
646
648
650
656
658
659
660
661
664
665
666
672
674
676
679
680
681
683
685
686
690
691
698
699
700
703
704
706
708
710
711
712
713
714
715
717
719
720
721
722
724
725
726
727
728
729
730
731
735
736
737
739
740
742
743
744
745
746
747
748
749
750
752
754
755
756
759
760
762
763
764
765
766
767
768
769
770
771
772
773
774
776
777
778
781
782
784
785
786
788
789
791
793
794
795
796
797
798
801
803
804
805
806
807
808
810
813
815
816
822
825
827
830
831
832
833
834
835
837
838
839
840
841
843
844
845
846
847
848
849
850
851
852
853
854
857
858
859
862
863
864
867
870
871
872
873
874
875
876
877
878
881
883
885
886
887
890
891
892
893
894
895
896
897
898
899
900
901
903
904
905
906
908
909
910
911
913
914
916
917
919
920
921
922
923
924
925
927
928
930
931
932
933
934
935
936
937
938
939
941
943
945
946
947
948
949
950
951
952
953
954
955
956
957
958
960
961
962
963
964
965
966
967
969
970
971
973
974
975
976
977
978
979
980
981
982
983
984
985
986
987
988
989
990
991
992
993
994
995
996
997
998
999