
# Regel 1a: 17
# Regel 1b: 150
# Regel 2a: 161
# Regel 2b: 190
# Zyklen: 0
# Redundante Kanten: 660
# Teilgraphen: 1
# Anzahl der Knoten in der Teilmenge
676
# Gesamtwert der Knoten
4640.0
# Nummern der Knoten
7
9
14
15
16
17
27
32
37
45
57
72
77
81
83
84
90
93
94
96
97
110
111
112
114
123
126
132
134
136
138
139
140
146
149
150
151
152
153
154
169
174
177
178
179
180
181
184
190
191
201
206
210
214
216
217
219
220
221
223
224
227
230
234
238
241
242
243
253
255
257
258
259
262
265
267
279
280
282
284
286
288
289
291
293
294
295
296
297
298
299
305
306
310
311
312
315
317
319
321
322
323
328
331
332
333
335
336
337
346
347
348
350
353
354
355
356
357
358
359
361
362
363
365
367
368
370
375
376
378
379
380
383
385
386
388
389
392
393
395
397
398
402
403
405
406
408
409
412
418
420
421
422
423
425
428
429
430
431
433
434
437
438
441
442
443
444
445
447
448
449
452
453
454
456
457
459
460
461
462
463
466
468
471
472
473
475
476
477
478
480
481
482
483
484
486
487
488
489
490
491
493
494
496
497
498
499
504
506
507
508
509
511
512
515
516
517
518
519
520
521
522
523
525
526
528
529
530
531
532
533
536
537
538
539
540
542
544
545
546
547
549
550
551
552
553
554
555
556
557
558
559
561
562
563
564
565
566
567
569
570
571
572
573
574
575
576
577
579
581
582
583
585
586
587
589
590
591
592
594
595
596
597
598
599
601
603
604
605
606
607
608
609
610
611
612
613
615
616
617
619
620
621
622
623
624
625
626
627
628
629
630
631
632
633
634
635
637
638
639
640
641
642
643
644
645
646
647
648
650
651
652
654
655
656
657
658
659
660
661
662
663
664
665
666
667
668
669
670
671
672
673
674
675
676
677
678
679
680
681
682
683
684
685
686
687
688
689
690
691
692
693
694
695
696
697
698
699
700
701
702
703
704
705
706
707
708
709
710
711
712
713
714
715
717
718
719
720
721
722
723
724
725
726
727
728
729
730
731
732
733
734
735
736
737
738
739
740
741
742
743
744
745
746
747
748
749
750
751
752
753
754
755
756
757
758
759
760
761
762
763
764
765
766
767
768
769
770
771
772
773
774
775
776
777
778
779
780
781
782
783
784
785
786
787
788
789
790
791
792
793
794
795
796
797
798
799
800
801
802
803
804
805
806
807
808
809
810
811
812
813
814
815
816
817
818
819
821
822
823
824
825
826
827
828
829
830
831
832
833
834
835
836
837
838
839
840
841
842
843
844
845
846
847
848
849
850
851
852
853
854
855
856
857
858
859
860
861
862
863
864
865
866
867
868
869
870
871
872
873
874
875
876
877
878
879
880
881
882
883
884
885
886
887
888
889
890
891
892
893
894
895
896
897
898
899
900
901
902
903
904
905
906
907
908
909
910
911
912
913
914
915
916
917
918
919
920
921
922
923
924
925
926
927
928
929
930
931
932
933
934
935
936
937
938
939
940
941
942
943
944
945
946
947
948
949
950
951
952
953
954
955
956
957
958
959
960
961
962
963
964
965
966
967
968
969
970
971
972
973
974
975
976
977
978
979
980
981
982
983
984
985
986
987
988
989
990
991
992
993
994
995
996
997
998
999